# Prop_landscape_lost  cost_needed_for_top_fraction  min_prop_rem  ave_prop_rem  W_prop_rem  ext-1  ext-2  prop_for_each_biodiversity_feature_(e.g._species)_remaining_at_level_of_removal...
0.00021  9603        0.99993 0.99993 0.99993   0.00002 0.00002   1.000 
0.00115  9594        0.99935 0.99935 0.99935   0.00008 0.00016   0.999 
0.00208  9585        0.99875 0.99875 0.99875   0.00010 0.00031   0.999 
0.00302  9576        0.99815 0.99815 0.99815   0.00012 0.00046   0.998 
0.00396  9567        0.99754 0.99754 0.99754   0.00012 0.00061   0.998 
0.00489  9558        0.99693 0.99693 0.99693   0.00013 0.00077   0.997 
0.00583  9549        0.99632 0.99632 0.99632   0.00013 0.00092   0.996 
0.00677  9540        0.99570 0.99570 0.99570   0.00013 0.00108   0.996 
0.00770  9531        0.99508 0.99508 0.99508   0.00014 0.00123   0.995 
0.00864  9522        0.99446 0.99446 0.99446   0.00014 0.00139   0.994 
0.00958  9513        0.99383 0.99383 0.99383   0.00014 0.00155   0.994 
0.01052  9504        0.99320 0.99320 0.99320   0.00014 0.00170   0.993 
0.01145  9495        0.99257 0.99257 0.99257   0.00014 0.00186   0.993 
0.01239  9486        0.99193 0.99193 0.99193   0.00014 0.00202   0.992 
0.01333  9477        0.99129 0.99129 0.99129   0.00015 0.00218   0.991 
0.01426  9468        0.99065 0.99065 0.99065   0.00015 0.00235   0.991 
0.01520  9459        0.99001 0.99001 0.99001   0.00015 0.00251   0.990 
0.01614  9450        0.98936 0.98936 0.98936   0.00015 0.00267   0.989 
0.01707  9441        0.98872 0.98872 0.98872   0.00015 0.00283   0.989 
0.01801  9432        0.98807 0.98807 0.98807   0.00015 0.00300   0.988 
0.01895  9423        0.98742 0.98742 0.98742   0.00015 0.00316   0.987 
0.01989  9414        0.98676 0.98676 0.98676   0.00015 0.00333   0.987 
0.02082  9405        0.98611 0.98611 0.98611   0.00015 0.00349   0.986 
0.02176  9396        0.98545 0.98545 0.98545   0.00015 0.00366   0.985 
0.02270  9387        0.98479 0.98479 0.98479   0.00015 0.00382   0.985 
0.02363  9378        0.98413 0.98413 0.98413   0.00015 0.00399   0.984 
0.02457  9369        0.98347 0.98347 0.98347   0.00015 0.00416   0.983 
0.02551  9360        0.98281 0.98281 0.98281   0.00015 0.00433   0.983 
0.02644  9351        0.98214 0.98214 0.98214   0.00016 0.00450   0.982 
0.02738  9342        0.98147 0.98147 0.98147   0.00016 0.00466   0.981 
0.02832  9333        0.98080 0.98080 0.98080   0.00016 0.00483   0.981 
0.02926  9324        0.98013 0.98013 0.98013   0.00016 0.00500   0.980 
0.03019  9315        0.97946 0.97946 0.97946   0.00016 0.00518   0.979 
0.03113  9306        0.97879 0.97879 0.97879   0.00016 0.00535   0.979 
0.03207  9297        0.97811 0.97811 0.97811   0.00016 0.00552   0.978 
0.03300  9288        0.97743 0.97743 0.97743   0.00016 0.00569   0.977 
0.03394  9279        0.97675 0.97675 0.97675   0.00016 0.00586   0.977 
0.03488  9270        0.97607 0.97607 0.97607   0.00016 0.00604   0.976 
0.03581  9261        0.97539 0.97539 0.97539   0.00016 0.00621   0.975 
0.03675  9252        0.97471 0.97471 0.97471   0.00016 0.00638   0.975 
0.03769  9243        0.97403 0.97403 0.97403   0.00016 0.00656   0.974 
0.03863  9234        0.97334 0.97334 0.97334   0.00016 0.00673   0.973 
0.03956  9225        0.97265 0.97265 0.97265   0.00016 0.00691   0.973 
0.04050  9216        0.97196 0.97196 0.97196   0.00016 0.00708   0.972 
0.04144  9207        0.97127 0.97127 0.97127   0.00016 0.00726   0.971 
0.04237  9198        0.97058 0.97058 0.97058   0.00016 0.00744   0.971 
0.04331  9189        0.96989 0.96989 0.96989   0.00016 0.00761   0.970 
0.04425  9180        0.96920 0.96920 0.96920   0.00016 0.00779   0.969 
0.04518  9171        0.96850 0.96850 0.96850   0.00016 0.00797   0.969 
0.04612  9162        0.96781 0.96781 0.96781   0.00016 0.00815   0.968 
0.04706  9153        0.96711 0.96711 0.96711   0.00016 0.00833   0.967 
0.04800  9144        0.96641 0.96641 0.96641   0.00016 0.00851   0.966 
0.04893  9135        0.96571 0.96571 0.96571   0.00016 0.00868   0.966 
0.04987  9126        0.96501 0.96501 0.96501   0.00016 0.00886   0.965 
0.05081  9117        0.96431 0.96431 0.96431   0.00016 0.00904   0.964 
0.05174  9108        0.96361 0.96361 0.96361   0.00016 0.00922   0.964 
0.05268  9099        0.96291 0.96291 0.96291   0.00017 0.00941   0.963 
0.05362  9090        0.96220 0.96220 0.96220   0.00017 0.00959   0.962 
0.05455  9081        0.96150 0.96150 0.96150   0.00017 0.00977   0.961 
0.05549  9072        0.96079 0.96079 0.96079   0.00017 0.00995   0.961 
0.05643  9063        0.96008 0.96008 0.96008   0.00017 0.01013   0.960 
0.05737  9054        0.95938 0.95938 0.95938   0.00017 0.01031   0.959 
0.05830  9045        0.95867 0.95867 0.95867   0.00017 0.01050   0.959 
0.05924  9036        0.95796 0.95796 0.95796   0.00017 0.01068   0.958 
0.06018  9027        0.95725 0.95725 0.95725   0.00017 0.01086   0.957 
0.06111  9018        0.95653 0.95653 0.95653   0.00017 0.01105   0.957 
0.06205  9009        0.95582 0.95582 0.95582   0.00017 0.01123   0.956 
0.06299  9000        0.95511 0.95511 0.95511   0.00017 0.01142   0.955 
0.06393  8991        0.95440 0.95440 0.95440   0.00017 0.01160   0.954 
0.06486  8982        0.95368 0.95368 0.95368   0.00017 0.01179   0.954 
0.06580  8973        0.95297 0.95297 0.95297   0.00017 0.01197   0.953 
0.06674  8964        0.95225 0.95225 0.95225   0.00017 0.01216   0.952 
0.06767  8955        0.95153 0.95153 0.95153   0.00017 0.01234   0.952 
0.06861  8946        0.95082 0.95082 0.95082   0.00017 0.01253   0.951 
0.06955  8937        0.95010 0.95010 0.95010   0.00017 0.01272   0.950 
0.07048  8928        0.94938 0.94938 0.94938   0.00017 0.01290   0.949 
0.07142  8919        0.94866 0.94866 0.94866   0.00017 0.01309   0.949 
0.07236  8910        0.94794 0.94794 0.94794   0.00017 0.01328   0.948 
0.07330  8901        0.94722 0.94722 0.94722   0.00017 0.01347   0.947 
0.07423  8892        0.94650 0.94650 0.94650   0.00017 0.01365   0.946 
0.07517  8883        0.94577 0.94577 0.94577   0.00017 0.01384   0.946 
0.07611  8874        0.94505 0.94505 0.94505   0.00017 0.01403   0.945 
0.07704  8865        0.94433 0.94433 0.94433   0.00017 0.01422   0.944 
0.07798  8856        0.94360 0.94360 0.94360   0.00017 0.01441   0.944 
0.07892  8847        0.94288 0.94288 0.94288   0.00017 0.01460   0.943 
0.07985  8838        0.94215 0.94215 0.94215   0.00017 0.01479   0.942 
0.08079  8829        0.94142 0.94142 0.94142   0.00017 0.01498   0.941 
0.08173  8820        0.94070 0.94070 0.94070   0.00017 0.01517   0.941 
0.08267  8811        0.93997 0.93997 0.93997   0.00017 0.01536   0.940 
0.08360  8802        0.93924 0.93924 0.93924   0.00017 0.01555   0.939 
0.08454  8793        0.93851 0.93851 0.93851   0.00017 0.01574   0.939 
0.08548  8784        0.93778 0.93778 0.93778   0.00017 0.01593   0.938 
0.08641  8775        0.93705 0.93705 0.93705   0.00017 0.01612   0.937 
0.08735  8766        0.93632 0.93632 0.93632   0.00017 0.01631   0.936 
0.08829  8757        0.93559 0.93559 0.93559   0.00017 0.01651   0.936 
0.08922  8748        0.93486 0.93486 0.93486   0.00017 0.01670   0.935 
0.09016  8739        0.93413 0.93413 0.93413   0.00017 0.01689   0.934 
0.09110  8730        0.93339 0.93339 0.93339   0.00017 0.01708   0.933 
0.09204  8721        0.93266 0.93266 0.93266   0.00017 0.01728   0.933 
0.09297  8712        0.93193 0.93193 0.93193   0.00017 0.01747   0.932 
0.09391  8703        0.93119 0.93119 0.93119   0.00017 0.01766   0.931 
0.09485  8694        0.93046 0.93046 0.93046   0.00018 0.01786   0.930 
0.09578  8685        0.92972 0.92972 0.92972   0.00018 0.01805   0.930 
0.09672  8676        0.92899 0.92899 0.92899   0.00018 0.01825   0.929 
0.09766  8667        0.92825 0.92825 0.92825   0.00018 0.01844   0.928 
0.09859  8658        0.92751 0.92751 0.92751   0.00018 0.01864   0.928 
0.09953  8649        0.92678 0.92678 0.92678   0.00018 0.01883   0.927 
0.10047  8640        0.92604 0.92604 0.92604   0.00018 0.01903   0.926 
0.10141  8631        0.92530 0.92530 0.92530   0.00018 0.01922   0.925 
0.10234  8622        0.92456 0.92456 0.92456   0.00018 0.01942   0.925 
0.10328  8613        0.92382 0.92382 0.92382   0.00018 0.01961   0.924 
0.10422  8604        0.92308 0.92308 0.92308   0.00018 0.01981   0.923 
0.10515  8595        0.92234 0.92234 0.92234   0.00018 0.02001   0.922 
0.10609  8586        0.92160 0.92160 0.92160   0.00018 0.02020   0.922 
0.10703  8577        0.92086 0.92086 0.92086   0.00018 0.02040   0.921 
0.10796  8568        0.92012 0.92012 0.92012   0.00018 0.02060   0.920 
0.10890  8559        0.91938 0.91938 0.91938   0.00018 0.02080   0.919 
0.10984  8550        0.91864 0.91864 0.91864   0.00018 0.02099   0.919 
0.11078  8541        0.91789 0.91789 0.91789   0.00018 0.02119   0.918 
0.11171  8532        0.91715 0.91715 0.91715   0.00018 0.02139   0.917 
0.11265  8523        0.91641 0.91641 0.91641   0.00018 0.02159   0.916 
0.11359  8514        0.91566 0.91566 0.91566   0.00018 0.02179   0.916 
0.11452  8505        0.91492 0.91492 0.91492   0.00018 0.02199   0.915 
0.11546  8496        0.91417 0.91417 0.91417   0.00018 0.02218   0.914 
0.11640  8487        0.91343 0.91343 0.91343   0.00018 0.02238   0.913 
0.11733  8478        0.91268 0.91268 0.91268   0.00018 0.02258   0.913 
0.11827  8469        0.91193 0.91193 0.91193   0.00018 0.02278   0.912 
0.11921  8460        0.91119 0.91119 0.91119   0.00018 0.02298   0.911 
0.12015  8451        0.91044 0.91044 0.91044   0.00018 0.02318   0.910 
0.12108  8442        0.90969 0.90969 0.90969   0.00018 0.02338   0.910 
0.12202  8433        0.90894 0.90894 0.90894   0.00018 0.02359   0.909 
0.12296  8424        0.90819 0.90819 0.90819   0.00018 0.02379   0.908 
0.12389  8415        0.90744 0.90744 0.90744   0.00018 0.02399   0.907 
0.12483  8406        0.90669 0.90669 0.90669   0.00018 0.02419   0.907 
0.12577  8397        0.90594 0.90594 0.90594   0.00018 0.02439   0.906 
0.12670  8388        0.90519 0.90519 0.90519   0.00018 0.02459   0.905 
0.12764  8379        0.90444 0.90444 0.90444   0.00018 0.02480   0.904 
0.12858  8370        0.90369 0.90369 0.90369   0.00018 0.02500   0.904 
0.12952  8361        0.90294 0.90294 0.90294   0.00018 0.02520   0.903 
0.13045  8352        0.90219 0.90219 0.90219   0.00018 0.02541   0.902 
0.13139  8343        0.90143 0.90143 0.90143   0.00018 0.02561   0.901 
0.13233  8334        0.90068 0.90068 0.90068   0.00018 0.02581   0.901 
0.13326  8325        0.89993 0.89993 0.89993   0.00018 0.02602   0.900 
0.13420  8316        0.89917 0.89917 0.89917   0.00018 0.02622   0.899 
0.13514  8307        0.89842 0.89842 0.89842   0.00018 0.02642   0.898 
0.13607  8298        0.89766 0.89766 0.89766   0.00018 0.02663   0.898 
0.13701  8289        0.89691 0.89691 0.89691   0.00018 0.02683   0.897 
0.13795  8280        0.89615 0.89615 0.89615   0.00018 0.02704   0.896 
0.13889  8271        0.89539 0.89539 0.89539   0.00018 0.02724   0.895 
0.13982  8262        0.89464 0.89464 0.89464   0.00018 0.02745   0.895 
0.14076  8253        0.89388 0.89388 0.89388   0.00018 0.02766   0.894 
0.14170  8244        0.89312 0.89312 0.89312   0.00018 0.02786   0.893 
0.14263  8235        0.89236 0.89236 0.89236   0.00018 0.02807   0.892 
0.14357  8226        0.89160 0.89160 0.89160   0.00018 0.02828   0.892 
0.14451  8217        0.89085 0.89085 0.89085   0.00018 0.02848   0.891 
0.14545  8208        0.89009 0.89009 0.89009   0.00018 0.02869   0.890 
0.14638  8199        0.88933 0.88933 0.88933   0.00018 0.02890   0.889 
0.14732  8190        0.88857 0.88857 0.88857   0.00018 0.02910   0.889 
0.14826  8181        0.88781 0.88781 0.88781   0.00018 0.02931   0.888 
0.14919  8172        0.88705 0.88705 0.88705   0.00018 0.02952   0.887 
0.15013  8163        0.88628 0.88628 0.88628   0.00018 0.02973   0.886 
0.15107  8154        0.88552 0.88552 0.88552   0.00018 0.02994   0.886 
0.15200  8145        0.88476 0.88476 0.88476   0.00018 0.03015   0.885 
0.15294  8136        0.88400 0.88400 0.88400   0.00019 0.03035   0.884 
0.15388  8127        0.88323 0.88323 0.88323   0.00019 0.03056   0.883 
0.15482  8118        0.88247 0.88247 0.88247   0.00019 0.03077   0.882 
0.15575  8109        0.88171 0.88171 0.88171   0.00019 0.03098   0.882 
0.15669  8100        0.88094 0.88094 0.88094   0.00019 0.03119   0.881 
0.15763  8091        0.88018 0.88018 0.88018   0.00019 0.03140   0.880 
0.15856  8082        0.87941 0.87941 0.87941   0.00019 0.03161   0.879 
0.15950  8073        0.87865 0.87865 0.87865   0.00019 0.03182   0.879 
0.16044  8064        0.87788 0.87788 0.87788   0.00019 0.03204   0.878 
0.16137  8055        0.87712 0.87712 0.87712   0.00019 0.03225   0.877 
0.16231  8046        0.87635 0.87635 0.87635   0.00019 0.03246   0.876 
0.16325  8037        0.87558 0.87558 0.87558   0.00019 0.03267   0.876 
0.16419  8028        0.87482 0.87482 0.87482   0.00019 0.03288   0.875 
0.16512  8019        0.87405 0.87405 0.87405   0.00019 0.03309   0.874 
0.16606  8010        0.87328 0.87328 0.87328   0.00019 0.03331   0.873 
0.16700  8001        0.87251 0.87251 0.87251   0.00019 0.03352   0.873 
0.16793  7992        0.87174 0.87174 0.87174   0.00019 0.03373   0.872 
0.16887  7983        0.87097 0.87097 0.87097   0.00019 0.03395   0.871 
0.16981  7974        0.87020 0.87020 0.87020   0.00019 0.03416   0.870 
0.17074  7965        0.86943 0.86943 0.86943   0.00019 0.03437   0.869 
0.17168  7956        0.86866 0.86866 0.86866   0.00019 0.03459   0.869 
0.17262  7947        0.86789 0.86789 0.86789   0.00019 0.03480   0.868 
0.17356  7938        0.86712 0.86712 0.86712   0.00019 0.03502   0.867 
0.17449  7929        0.86635 0.86635 0.86635   0.00019 0.03523   0.866 
0.17543  7920        0.86558 0.86558 0.86558   0.00019 0.03545   0.866 
0.17637  7911        0.86481 0.86481 0.86481   0.00019 0.03566   0.865 
0.17730  7902        0.86403 0.86403 0.86403   0.00019 0.03588   0.864 
0.17824  7893        0.86326 0.86326 0.86326   0.00019 0.03609   0.863 
0.17918  7884        0.86248 0.86248 0.86248   0.00019 0.03631   0.862 
0.18011  7875        0.86171 0.86171 0.86171   0.00019 0.03653   0.862 
0.18105  7866        0.86094 0.86094 0.86094   0.00019 0.03674   0.861 
0.18199  7857        0.86016 0.86016 0.86016   0.00019 0.03696   0.860 
0.18293  7848        0.85939 0.85939 0.85939   0.00019 0.03718   0.859 
0.18386  7839        0.85861 0.85861 0.85861   0.00019 0.03739   0.859 
0.18480  7830        0.85783 0.85783 0.85783   0.00019 0.03761   0.858 
0.18574  7821        0.85706 0.85706 0.85706   0.00019 0.03783   0.857 
0.18667  7812        0.85628 0.85628 0.85628   0.00019 0.03805   0.856 
0.18761  7803        0.85550 0.85550 0.85550   0.00019 0.03827   0.856 
0.18855  7794        0.85472 0.85472 0.85472   0.00019 0.03848   0.855 
0.18948  7785        0.85395 0.85395 0.85395   0.00019 0.03870   0.854 
0.19042  7776        0.85317 0.85317 0.85317   0.00019 0.03892   0.853 
0.19136  7767        0.85239 0.85239 0.85239   0.00019 0.03914   0.852 
0.19230  7758        0.85161 0.85161 0.85161   0.00019 0.03936   0.852 
0.19323  7749        0.85083 0.85083 0.85083   0.00019 0.03958   0.851 
0.19417  7740        0.85005 0.85005 0.85005   0.00019 0.03980   0.850 
0.19511  7731        0.84927 0.84927 0.84927   0.00019 0.04002   0.849 
0.19604  7722        0.84849 0.84849 0.84849   0.00019 0.04024   0.848 
0.19698  7713        0.84770 0.84770 0.84770   0.00019 0.04046   0.848 
0.19792  7704        0.84692 0.84692 0.84692   0.00019 0.04069   0.847 
0.19885  7695        0.84614 0.84614 0.84614   0.00019 0.04091   0.846 
0.19979  7686        0.84536 0.84536 0.84536   0.00019 0.04113   0.845 
0.20073  7677        0.84457 0.84457 0.84457   0.00019 0.04135   0.845 
0.20167  7668        0.84379 0.84379 0.84379   0.00019 0.04157   0.844 
0.20260  7659        0.84301 0.84301 0.84301   0.00019 0.04180   0.843 
0.20354  7650        0.84222 0.84222 0.84222   0.00019 0.04202   0.842 
0.20448  7641        0.84144 0.84144 0.84144   0.00019 0.04224   0.841 
0.20541  7632        0.84065 0.84065 0.84065   0.00019 0.04247   0.841 
0.20635  7623        0.83986 0.83986 0.83986   0.00019 0.04269   0.840 
0.20729  7614        0.83908 0.83908 0.83908   0.00019 0.04291   0.839 
0.20822  7605        0.83829 0.83829 0.83829   0.00019 0.04314   0.838 
0.20916  7596        0.83750 0.83750 0.83750   0.00019 0.04336   0.838 
0.21010  7587        0.83672 0.83672 0.83672   0.00019 0.04359   0.837 
0.21104  7578        0.83593 0.83593 0.83593   0.00019 0.04381   0.836 
0.21197  7569        0.83514 0.83514 0.83514   0.00019 0.04404   0.835 
0.21291  7560        0.83435 0.83435 0.83435   0.00019 0.04427   0.834 
0.21385  7551        0.83356 0.83356 0.83356   0.00019 0.04449   0.834 
0.21478  7542        0.83277 0.83277 0.83277   0.00019 0.04472   0.833 
0.21572  7533        0.83198 0.83198 0.83198   0.00019 0.04494   0.832 
0.21666  7524        0.83119 0.83119 0.83119   0.00019 0.04517   0.831 
0.21759  7515        0.83040 0.83040 0.83040   0.00019 0.04540   0.830 
0.21853  7506        0.82961 0.82961 0.82961   0.00019 0.04563   0.830 
0.21947  7497        0.82882 0.82882 0.82882   0.00020 0.04585   0.829 
0.22041  7488        0.82803 0.82803 0.82803   0.00020 0.04608   0.828 
0.22134  7479        0.82723 0.82723 0.82723   0.00020 0.04631   0.827 
0.22228  7470        0.82644 0.82644 0.82644   0.00020 0.04654   0.826 
0.22322  7461        0.82565 0.82565 0.82565   0.00020 0.04677   0.826 
0.22415  7452        0.82485 0.82485 0.82485   0.00020 0.04700   0.825 
0.22509  7443        0.82406 0.82406 0.82406   0.00020 0.04723   0.824 
0.22603  7434        0.82326 0.82326 0.82326   0.00020 0.04746   0.823 
0.22697  7425        0.82247 0.82247 0.82247   0.00020 0.04769   0.822 
0.22790  7416        0.82167 0.82167 0.82167   0.00020 0.04792   0.822 
0.22884  7407        0.82088 0.82088 0.82088   0.00020 0.04815   0.821 
0.22978  7398        0.82008 0.82008 0.82008   0.00020 0.04838   0.820 
0.23071  7389        0.81928 0.81928 0.81928   0.00020 0.04861   0.819 
0.23165  7380        0.81849 0.81849 0.81849   0.00020 0.04884   0.818 
0.23259  7371        0.81769 0.81769 0.81769   0.00020 0.04907   0.818 
0.23352  7362        0.81689 0.81689 0.81689   0.00020 0.04931   0.817 
0.23446  7353        0.81609 0.81609 0.81609   0.00020 0.04954   0.816 
0.23540  7344        0.81529 0.81529 0.81529   0.00020 0.04977   0.815 
0.23634  7335        0.81449 0.81449 0.81449   0.00020 0.05000   0.814 
0.23727  7326        0.81369 0.81369 0.81369   0.00020 0.05024   0.814 
0.23821  7317        0.81289 0.81289 0.81289   0.00020 0.05047   0.813 
0.23915  7308        0.81209 0.81209 0.81209   0.00020 0.05070   0.812 
0.24008  7299        0.81129 0.81129 0.81129   0.00020 0.05094   0.811 
0.24102  7290        0.81049 0.81049 0.81049   0.00020 0.05117   0.810 
0.24196  7281        0.80969 0.80969 0.80969   0.00020 0.05141   0.810 
0.24289  7272        0.80888 0.80888 0.80888   0.00020 0.05164   0.809 
0.24383  7263        0.80808 0.80808 0.80808   0.00020 0.05188   0.808 
0.24477  7254        0.80728 0.80728 0.80728   0.00020 0.05211   0.807 
0.24571  7245        0.80647 0.80647 0.80647   0.00020 0.05235   0.806 
0.24664  7236        0.80567 0.80567 0.80567   0.00020 0.05259   0.806 
0.24758  7227        0.80486 0.80486 0.80486   0.00020 0.05282   0.805 
0.24852  7218        0.80406 0.80406 0.80406   0.00020 0.05306   0.804 
0.24945  7209        0.80325 0.80325 0.80325   0.00020 0.05330   0.803 
0.25039  7200        0.80245 0.80245 0.80245   0.00020 0.05354   0.802 
0.25133  7191        0.80164 0.80164 0.80164   0.00020 0.05377   0.802 
0.25226  7182        0.80083 0.80083 0.80083   0.00020 0.05401   0.801 
0.25320  7173        0.80003 0.80003 0.80003   0.00020 0.05425   0.800 
0.25414  7164        0.79922 0.79922 0.79922   0.00020 0.05449   0.799 
0.25508  7155        0.79841 0.79841 0.79841   0.00020 0.05473   0.798 
0.25601  7146        0.79760 0.79760 0.79760   0.00020 0.05497   0.798 
0.25695  7137        0.79679 0.79679 0.79679   0.00020 0.05521   0.797 
0.25789  7128        0.79598 0.79598 0.79598   0.00020 0.05545   0.796 
0.25882  7119        0.79517 0.79517 0.79517   0.00020 0.05569   0.795 
0.25976  7110        0.79436 0.79436 0.79436   0.00020 0.05593   0.794 
0.26070  7101        0.79355 0.79355 0.79355   0.00020 0.05617   0.794 
0.26163  7092        0.79274 0.79274 0.79274   0.00020 0.05641   0.793 
0.26257  7083        0.79193 0.79193 0.79193   0.00020 0.05665   0.792 
0.26351  7074        0.79112 0.79112 0.79112   0.00020 0.05690   0.791 
0.26445  7065        0.79030 0.79030 0.79030   0.00020 0.05714   0.790 
0.26538  7056        0.78949 0.78949 0.78949   0.00020 0.05738   0.789 
0.26632  7047        0.78868 0.78868 0.78868   0.00020 0.05762   0.789 
0.26726  7038        0.78786 0.78786 0.78786   0.00020 0.05787   0.788 
0.26819  7029        0.78705 0.78705 0.78705   0.00020 0.05811   0.787 
0.26913  7020        0.78623 0.78623 0.78623   0.00020 0.05835   0.786 
0.27007  7011        0.78542 0.78542 0.78542   0.00020 0.05860   0.785 
0.27100  7002        0.78460 0.78460 0.78460   0.00020 0.05884   0.785 
0.27194  6993        0.78378 0.78378 0.78378   0.00020 0.05909   0.784 
0.27288  6984        0.78297 0.78297 0.78297   0.00020 0.05933   0.783 
0.27382  6975        0.78215 0.78215 0.78215   0.00020 0.05958   0.782 
0.27475  6966        0.78133 0.78133 0.78133   0.00020 0.05982   0.781 
0.27569  6957        0.78051 0.78051 0.78051   0.00020 0.06007   0.781 
0.27663  6948        0.77970 0.77970 0.77970   0.00020 0.06032   0.780 
0.27756  6939        0.77888 0.77888 0.77888   0.00020 0.06056   0.779 
0.27850  6930        0.77806 0.77806 0.77806   0.00020 0.06081   0.778 
0.27944  6921        0.77724 0.77724 0.77724   0.00020 0.06106   0.777 
0.28037  6912        0.77642 0.77642 0.77642   0.00020 0.06131   0.776 
0.28131  6903        0.77560 0.77560 0.77560   0.00020 0.06155   0.776 
0.28225  6894        0.77478 0.77478 0.77478   0.00020 0.06180   0.775 
0.28319  6885        0.77395 0.77395 0.77395   0.00020 0.06205   0.774 
0.28412  6876        0.77313 0.77313 0.77313   0.00020 0.06230   0.773 
0.28506  6867        0.77231 0.77231 0.77231   0.00021 0.06255   0.772 
0.28600  6858        0.77149 0.77149 0.77149   0.00021 0.06280   0.771 
0.28693  6849        0.77066 0.77066 0.77066   0.00021 0.06305   0.771 
0.28787  6840        0.76984 0.76984 0.76984   0.00021 0.06330   0.770 
0.28881  6831        0.76901 0.76901 0.76901   0.00021 0.06355   0.769 
0.28974  6822        0.76819 0.76819 0.76819   0.00021 0.06380   0.768 
0.29068  6813        0.76736 0.76736 0.76736   0.00021 0.06406   0.767 
0.29162  6804        0.76654 0.76654 0.76654   0.00021 0.06431   0.767 
0.29256  6795        0.76571 0.76571 0.76571   0.00021 0.06456   0.766 
0.29349  6786        0.76488 0.76488 0.76488   0.00021 0.06481   0.765 
0.29443  6777        0.76406 0.76406 0.76406   0.00021 0.06507   0.764 
0.29537  6768        0.76323 0.76323 0.76323   0.00021 0.06532   0.763 
0.29630  6759        0.76240 0.76240 0.76240   0.00021 0.06557   0.762 
0.29724  6750        0.76157 0.76157 0.76157   0.00021 0.06583   0.762 
0.29818  6741        0.76074 0.76074 0.76074   0.00021 0.06608   0.761 
0.29912  6732        0.75991 0.75991 0.75991   0.00021 0.06634   0.760 
0.30005  6723        0.75908 0.75908 0.75908   0.00021 0.06659   0.759 
0.30099  6714        0.75825 0.75825 0.75825   0.00021 0.06685   0.758 
0.30193  6705        0.75742 0.75742 0.75742   0.00021 0.06710   0.757 
0.30286  6696        0.75659 0.75659 0.75659   0.00021 0.06736   0.757 
0.30380  6687        0.75576 0.75576 0.75576   0.00021 0.06761   0.756 
0.30474  6678        0.75493 0.75493 0.75493   0.00021 0.06787   0.755 
0.30567  6669        0.75409 0.75409 0.75409   0.00021 0.06813   0.754 
0.30661  6660        0.75326 0.75326 0.75326   0.00021 0.06839   0.753 
0.30755  6651        0.75242 0.75242 0.75242   0.00021 0.06864   0.752 
0.30849  6642        0.75159 0.75159 0.75159   0.00021 0.06890   0.752 
0.30942  6633        0.75076 0.75076 0.75076   0.00021 0.06916   0.751 
0.31036  6624        0.74992 0.74992 0.74992   0.00021 0.06942   0.750 
0.31130  6615        0.74908 0.74908 0.74908   0.00021 0.06968   0.749 
0.31223  6606        0.74825 0.74825 0.74825   0.00021 0.06994   0.748 
0.31317  6597        0.74741 0.74741 0.74741   0.00021 0.07020   0.747 
0.31411  6588        0.74658 0.74658 0.74658   0.00021 0.07046   0.747 
0.31504  6579        0.74574 0.74574 0.74574   0.00021 0.07072   0.746 
0.31598  6570        0.74490 0.74490 0.74490   0.00021 0.07098   0.745 
0.31692  6561        0.74406 0.74406 0.74406   0.00021 0.07124   0.744 
0.31786  6552        0.74322 0.74322 0.74322   0.00021 0.07150   0.743 
0.31879  6543        0.74238 0.74238 0.74238   0.00021 0.07177   0.742 
0.31973  6534        0.74154 0.74154 0.74154   0.00021 0.07203   0.742 
0.32067  6525        0.74070 0.74070 0.74070   0.00021 0.07229   0.741 
0.32160  6516        0.73986 0.73986 0.73986   0.00021 0.07256   0.740 
0.32254  6507        0.73902 0.73902 0.73902   0.00021 0.07282   0.739 
0.32348  6498        0.73818 0.73818 0.73818   0.00021 0.07308   0.738 
0.32441  6489        0.73734 0.73734 0.73734   0.00021 0.07335   0.737 
0.32535  6480        0.73649 0.73649 0.73649   0.00021 0.07361   0.736 
0.32629  6471        0.73565 0.73565 0.73565   0.00021 0.07388   0.736 
0.32723  6462        0.73481 0.73481 0.73481   0.00021 0.07414   0.735 
0.32816  6453        0.73396 0.73396 0.73396   0.00021 0.07441   0.734 
0.32910  6444        0.73312 0.73312 0.73312   0.00021 0.07468   0.733 
0.33004  6435        0.73227 0.73227 0.73227   0.00021 0.07494   0.732 
0.33097  6426        0.73143 0.73143 0.73143   0.00021 0.07521   0.731 
0.33191  6417        0.73058 0.73058 0.73058   0.00021 0.07548   0.731 
0.33285  6408        0.72973 0.72973 0.72973   0.00021 0.07575   0.730 
0.33378  6399        0.72889 0.72889 0.72889   0.00021 0.07601   0.729 
0.33472  6390        0.72804 0.72804 0.72804   0.00021 0.07628   0.728 
0.33566  6381        0.72719 0.72719 0.72719   0.00021 0.07655   0.727 
0.33660  6372        0.72634 0.72634 0.72634   0.00021 0.07682   0.726 
0.33753  6363        0.72549 0.72549 0.72549   0.00021 0.07709   0.725 
0.33847  6354        0.72464 0.72464 0.72464   0.00021 0.07736   0.725 
0.33941  6345        0.72379 0.72379 0.72379   0.00021 0.07763   0.724 
0.34034  6336        0.72294 0.72294 0.72294   0.00021 0.07790   0.723 
0.34128  6327        0.72209 0.72209 0.72209   0.00021 0.07818   0.722 
0.34222  6318        0.72124 0.72124 0.72124   0.00021 0.07845   0.721 
0.34315  6309        0.72039 0.72039 0.72039   0.00021 0.07872   0.720 
0.34409  6300        0.71954 0.71954 0.71954   0.00021 0.07899   0.720 
0.34503  6291        0.71868 0.71868 0.71868   0.00021 0.07927   0.719 
0.34597  6282        0.71783 0.71783 0.71783   0.00021 0.07954   0.718 
0.34690  6273        0.71698 0.71698 0.71698   0.00022 0.07981   0.717 
0.34784  6264        0.71612 0.71612 0.71612   0.00022 0.08009   0.716 
0.34878  6255        0.71527 0.71527 0.71527   0.00022 0.08036   0.715 
0.34971  6246        0.71441 0.71441 0.71441   0.00022 0.08064   0.714 
0.35065  6237        0.71356 0.71356 0.71356   0.00022 0.08091   0.714 
0.35159  6228        0.71270 0.71270 0.71270   0.00022 0.08119   0.713 
0.35252  6219        0.71184 0.71184 0.71184   0.00022 0.08146   0.712 
0.35346  6210        0.71099 0.71099 0.71099   0.00022 0.08174   0.711 
0.35440  6201        0.71013 0.71013 0.71013   0.00022 0.08202   0.710 
0.35534  6192        0.70927 0.70927 0.70927   0.00022 0.08230   0.709 
0.35627  6183        0.70841 0.70841 0.70841   0.00022 0.08257   0.708 
0.35721  6174        0.70755 0.70755 0.70755   0.00022 0.08285   0.708 
0.35815  6165        0.70669 0.70669 0.70669   0.00022 0.08313   0.707 
0.35908  6156        0.70583 0.70583 0.70583   0.00022 0.08341   0.706 
0.36002  6147        0.70497 0.70497 0.70497   0.00022 0.08369   0.705 
0.36096  6138        0.70411 0.70411 0.70411   0.00022 0.08397   0.704 
0.36189  6129        0.70325 0.70325 0.70325   0.00022 0.08425   0.703 
0.36283  6120        0.70239 0.70239 0.70239   0.00022 0.08453   0.702 
0.36377  6111        0.70152 0.70152 0.70152   0.00022 0.08481   0.702 
0.36471  6102        0.70066 0.70066 0.70066   0.00022 0.08509   0.701 
0.36564  6093        0.69980 0.69980 0.69980   0.00022 0.08537   0.700 
0.36658  6084        0.69893 0.69893 0.69893   0.00022 0.08566   0.699 
0.36752  6075        0.69807 0.69807 0.69807   0.00022 0.08594   0.698 
0.36845  6066        0.69720 0.69720 0.69720   0.00022 0.08622   0.697 
0.36939  6057        0.69634 0.69634 0.69634   0.00022 0.08651   0.696 
0.37033  6048        0.69547 0.69547 0.69547   0.00022 0.08679   0.695 
0.37126  6039        0.69460 0.69460 0.69460   0.00022 0.08708   0.695 
0.37220  6030        0.69374 0.69374 0.69374   0.00022 0.08736   0.694 
0.37314  6021        0.69287 0.69287 0.69287   0.00022 0.08765   0.693 
0.37408  6012        0.69200 0.69200 0.69200   0.00022 0.08793   0.692 
0.37501  6003        0.69113 0.69113 0.69113   0.00022 0.08822   0.691 
0.37595  5994        0.69026 0.69026 0.69026   0.00022 0.08851   0.690 
0.37689  5985        0.68939 0.68939 0.68939   0.00022 0.08879   0.689 
0.37782  5976        0.68852 0.68852 0.68852   0.00022 0.08908   0.689 
0.37876  5967        0.68765 0.68765 0.68765   0.00022 0.08937   0.688 
0.37970  5958        0.68678 0.68678 0.68678   0.00022 0.08966   0.687 
0.38064  5949        0.68591 0.68591 0.68591   0.00022 0.08995   0.686 
0.38157  5940        0.68504 0.68504 0.68504   0.00022 0.09024   0.685 
0.38251  5931        0.68417 0.68417 0.68417   0.00022 0.09053   0.684 
0.38345  5922        0.68329 0.68329 0.68329   0.00022 0.09082   0.683 
0.38438  5913        0.68242 0.68242 0.68242   0.00022 0.09111   0.682 
0.38532  5904        0.68154 0.68154 0.68154   0.00022 0.09140   0.682 
0.38626  5895        0.68067 0.68067 0.68067   0.00022 0.09169   0.681 
0.38719  5886        0.67979 0.67979 0.67979   0.00022 0.09198   0.680 
0.38813  5877        0.67892 0.67892 0.67892   0.00022 0.09228   0.679 
0.38907  5868        0.67804 0.67804 0.67804   0.00022 0.09257   0.678 
0.39001  5859        0.67716 0.67716 0.67716   0.00022 0.09286   0.677 
0.39094  5850        0.67629 0.67629 0.67629   0.00022 0.09316   0.676 
0.39188  5841        0.67541 0.67541 0.67541   0.00022 0.09345   0.675 
0.39282  5832        0.67453 0.67453 0.67453   0.00022 0.09374   0.675 
0.39375  5823        0.67365 0.67365 0.67365   0.00022 0.09404   0.674 
0.39469  5814        0.67277 0.67277 0.67277   0.00022 0.09434   0.673 
0.39563  5805        0.67190 0.67190 0.67190   0.00022 0.09463   0.672 
0.39656  5796        0.67101 0.67101 0.67101   0.00022 0.09493   0.671 
0.39750  5787        0.67013 0.67013 0.67013   0.00022 0.09523   0.670 
0.39844  5778        0.66925 0.66925 0.66925   0.00022 0.09552   0.669 
0.39938  5769        0.66837 0.66837 0.66837   0.00022 0.09582   0.668 
0.40031  5760        0.66749 0.66749 0.66749   0.00022 0.09612   0.667 
0.40125  5751        0.66660 0.66660 0.66660   0.00022 0.09642   0.667 
0.40219  5742        0.66572 0.66572 0.66572   0.00022 0.09672   0.666 
0.40312  5733        0.66484 0.66484 0.66484   0.00023 0.09702   0.665 
0.40406  5724        0.66395 0.66395 0.66395   0.00023 0.09732   0.664 
0.40500  5715        0.66307 0.66307 0.66307   0.00023 0.09762   0.663 
0.40593  5706        0.66218 0.66218 0.66218   0.00023 0.09792   0.662 
0.40687  5697        0.66130 0.66130 0.66130   0.00023 0.09822   0.661 
0.40781  5688        0.66041 0.66041 0.66041   0.00023 0.09853   0.660 
0.40875  5679        0.65952 0.65952 0.65952   0.00023 0.09883   0.660 
0.40968  5670        0.65864 0.65864 0.65864   0.00023 0.09913   0.659 
0.41062  5661        0.65775 0.65775 0.65775   0.00023 0.09944   0.658 
0.41156  5652        0.65686 0.65686 0.65686   0.00023 0.09974   0.657 
0.41249  5643        0.65597 0.65597 0.65597   0.00023 0.10004   0.656 
0.41343  5634        0.65508 0.65508 0.65508   0.00023 0.10035   0.655 
0.41437  5625        0.65419 0.65419 0.65419   0.00023 0.10066   0.654 
0.41530  5616        0.65330 0.65330 0.65330   0.00023 0.10096   0.653 
0.41624  5607        0.65241 0.65241 0.65241   0.00023 0.10127   0.652 
0.41718  5598        0.65152 0.65152 0.65152   0.00023 0.10158   0.652 
0.41812  5589        0.65062 0.65062 0.65062   0.00023 0.10188   0.651 
0.41905  5580        0.64973 0.64973 0.64973   0.00023 0.10219   0.650 
0.41999  5571        0.64884 0.64884 0.64884   0.00023 0.10250   0.649 
0.42093  5562        0.64794 0.64794 0.64794   0.00023 0.10281   0.648 
0.42186  5553        0.64705 0.64705 0.64705   0.00023 0.10312   0.647 
0.42280  5544        0.64616 0.64616 0.64616   0.00023 0.10343   0.646 
0.42374  5535        0.64526 0.64526 0.64526   0.00023 0.10374   0.645 
0.42467  5526        0.64437 0.64437 0.64437   0.00023 0.10405   0.644 
0.42561  5517        0.64347 0.64347 0.64347   0.00023 0.10436   0.643 
0.42655  5508        0.64257 0.64257 0.64257   0.00023 0.10468   0.643 
0.42749  5499        0.64168 0.64168 0.64168   0.00023 0.10499   0.642 
0.42842  5490        0.64078 0.64078 0.64078   0.00023 0.10530   0.641 
0.42936  5481        0.63988 0.63988 0.63988   0.00023 0.10562   0.640 
0.43030  5472        0.63898 0.63898 0.63898   0.00023 0.10593   0.639 
0.43123  5463        0.63808 0.63808 0.63808   0.00023 0.10624   0.638 
0.43217  5454        0.63718 0.63718 0.63718   0.00023 0.10656   0.637 
0.43311  5445        0.63628 0.63628 0.63628   0.00023 0.10688   0.636 
0.43404  5436        0.63538 0.63538 0.63538   0.00023 0.10719   0.635 
0.43498  5427        0.63448 0.63448 0.63448   0.00023 0.10751   0.634 
0.43592  5418        0.63358 0.63358 0.63358   0.00023 0.10783   0.634 
0.43686  5409        0.63267 0.63267 0.63267   0.00023 0.10814   0.633 
0.43779  5400        0.63177 0.63177 0.63177   0.00023 0.10846   0.632 
0.43873  5391        0.63087 0.63087 0.63087   0.00023 0.10878   0.631 
0.43967  5382        0.62996 0.62996 0.62996   0.00023 0.10910   0.630 
0.44060  5373        0.62906 0.62906 0.62906   0.00023 0.10942   0.629 
0.44154  5364        0.62815 0.62815 0.62815   0.00023 0.10974   0.628 
0.44248  5355        0.62725 0.62725 0.62725   0.00023 0.11006   0.627 
0.44341  5346        0.62634 0.62634 0.62634   0.00023 0.11038   0.626 
0.44435  5337        0.62543 0.62543 0.62543   0.00023 0.11071   0.625 
0.44529  5328        0.62453 0.62453 0.62453   0.00023 0.11103   0.625 
0.44623  5319        0.62362 0.62362 0.62362   0.00023 0.11135   0.624 
0.44716  5310        0.62271 0.62271 0.62271   0.00023 0.11168   0.623 
0.44810  5301        0.62180 0.62180 0.62180   0.00023 0.11200   0.622 
0.44904  5292        0.62089 0.62089 0.62089   0.00023 0.11232   0.621 
0.44997  5283        0.61998 0.61998 0.61998   0.00023 0.11265   0.620 
0.45091  5274        0.61907 0.61907 0.61907   0.00023 0.11298   0.619 
0.45185  5265        0.61816 0.61816 0.61816   0.00023 0.11330   0.618 
0.45279  5256        0.61725 0.61725 0.61725   0.00023 0.11363   0.617 
0.45372  5247        0.61634 0.61634 0.61634   0.00023 0.11396   0.616 
0.45466  5238        0.61543 0.61543 0.61543   0.00024 0.11428   0.615 
0.45560  5229        0.61452 0.61452 0.61452   0.00024 0.11461   0.615 
0.45653  5220        0.61360 0.61360 0.61360   0.00024 0.11494   0.614 
0.45747  5211        0.61269 0.61269 0.61269   0.00024 0.11527   0.613 
0.45841  5202        0.61178 0.61178 0.61178   0.00024 0.11560   0.612 
0.45934  5193        0.61086 0.61086 0.61086   0.00024 0.11593   0.611 
0.46028  5184        0.60995 0.60995 0.60995   0.00024 0.11626   0.610 
0.46122  5175        0.60903 0.60903 0.60903   0.00024 0.11660   0.609 
0.46216  5166        0.60811 0.60811 0.60811   0.00024 0.11693   0.608 
0.46309  5157        0.60720 0.60720 0.60720   0.00024 0.11726   0.607 
0.46403  5148        0.60628 0.60628 0.60628   0.00024 0.11760   0.606 
0.46497  5139        0.60536 0.60536 0.60536   0.00024 0.11793   0.605 
0.46590  5130        0.60444 0.60444 0.60444   0.00024 0.11826   0.604 
0.46684  5121        0.60352 0.60352 0.60352   0.00024 0.11860   0.604 
0.46778  5112        0.60260 0.60260 0.60260   0.00024 0.11894   0.603 
0.46871  5103        0.60168 0.60168 0.60168   0.00024 0.11927   0.602 
0.46965  5094        0.60076 0.60076 0.60076   0.00024 0.11961   0.601 
0.47059  5085        0.59984 0.59984 0.59984   0.00024 0.11995   0.600 
0.47153  5076        0.59892 0.59892 0.59892   0.00024 0.12028   0.599 
0.47246  5067        0.59800 0.59800 0.59800   0.00024 0.12062   0.598 
0.47340  5058        0.59708 0.59708 0.59708   0.00024 0.12096   0.597 
0.47434  5049        0.59615 0.59615 0.59615   0.00024 0.12130   0.596 
0.47527  5040        0.59523 0.59523 0.59523   0.00024 0.12164   0.595 
0.47621  5031        0.59431 0.59431 0.59431   0.00024 0.12198   0.594 
0.47715  5022        0.59338 0.59338 0.59338   0.00024 0.12233   0.593 
0.47808  5013        0.59246 0.59246 0.59246   0.00024 0.12267   0.592 
0.47902  5004        0.59153 0.59153 0.59153   0.00024 0.12301   0.592 
0.47996  4995        0.59060 0.59060 0.59060   0.00024 0.12335   0.591 
0.48090  4986        0.58968 0.58968 0.58968   0.00024 0.12370   0.590 
0.48183  4977        0.58875 0.58875 0.58875   0.00024 0.12404   0.589 
0.48277  4968        0.58782 0.58782 0.58782   0.00024 0.12439   0.588 
0.48371  4959        0.58690 0.58690 0.58690   0.00024 0.12473   0.587 
0.48464  4950        0.58597 0.58597 0.58597   0.00024 0.12508   0.586 
0.48558  4941        0.58504 0.58504 0.58504   0.00024 0.12543   0.585 
0.48652  4932        0.58411 0.58411 0.58411   0.00024 0.12577   0.584 
0.48745  4923        0.58318 0.58318 0.58318   0.00024 0.12612   0.583 
0.48839  4914        0.58225 0.58225 0.58225   0.00024 0.12647   0.582 
0.48933  4905        0.58132 0.58132 0.58132   0.00024 0.12682   0.581 
0.49027  4896        0.58038 0.58038 0.58038   0.00024 0.12717   0.580 
0.49120  4887        0.57945 0.57945 0.57945   0.00024 0.12752   0.579 
0.49214  4878        0.57852 0.57852 0.57852   0.00024 0.12787   0.579 
0.49308  4869        0.57759 0.57759 0.57759   0.00024 0.12823   0.578 
0.49401  4860        0.57665 0.57665 0.57665   0.00024 0.12858   0.577 
0.49495  4851        0.57572 0.57572 0.57572   0.00024 0.12893   0.576 
0.49589  4842        0.57478 0.57478 0.57478   0.00024 0.12928   0.575 
0.49682  4833        0.57385 0.57385 0.57385   0.00024 0.12964   0.574 
0.49776  4824        0.57291 0.57291 0.57291   0.00024 0.12999   0.573 
0.49870  4815        0.57198 0.57198 0.57198   0.00024 0.13035   0.572 
0.49964  4806        0.57104 0.57104 0.57104   0.00024 0.13071   0.571 
0.50057  4797        0.57010 0.57010 0.57010   0.00024 0.13106   0.570 
0.50151  4788        0.56916 0.56916 0.56916   0.00025 0.13142   0.569 
0.50245  4779        0.56823 0.56823 0.56823   0.00025 0.13178   0.568 
0.50338  4770        0.56729 0.56729 0.56729   0.00025 0.13214   0.567 
0.50432  4761        0.56635 0.56635 0.56635   0.00025 0.13250   0.566 
0.50526  4752        0.56541 0.56541 0.56541   0.00025 0.13286   0.565 
0.50619  4743        0.56447 0.56447 0.56447   0.00025 0.13322   0.564 
0.50713  4734        0.56353 0.56353 0.56353   0.00025 0.13358   0.564 
0.50807  4725        0.56259 0.56259 0.56259   0.00025 0.13394   0.563 
0.50901  4716        0.56164 0.56164 0.56164   0.00025 0.13430   0.562 
0.50994  4707        0.56070 0.56070 0.56070   0.00025 0.13467   0.561 
0.51088  4698        0.55976 0.55976 0.55976   0.00025 0.13503   0.560 
0.51182  4689        0.55882 0.55882 0.55882   0.00025 0.13540   0.559 
0.51275  4680        0.55787 0.55787 0.55787   0.00025 0.13576   0.558 
0.51369  4671        0.55693 0.55693 0.55693   0.00025 0.13613   0.557 
0.51463  4662        0.55598 0.55598 0.55598   0.00025 0.13649   0.556 
0.51556  4653        0.55504 0.55504 0.55504   0.00025 0.13686   0.555 
0.51650  4644        0.55409 0.55409 0.55409   0.00025 0.13723   0.554 
0.51744  4635        0.55315 0.55315 0.55315   0.00025 0.13760   0.553 
0.51838  4626        0.55220 0.55220 0.55220   0.00025 0.13797   0.552 
0.51931  4617        0.55125 0.55125 0.55125   0.00025 0.13834   0.551 
0.52025  4608        0.55030 0.55030 0.55030   0.00025 0.13871   0.550 
0.52119  4599        0.54935 0.54935 0.54935   0.00025 0.13908   0.549 
0.52212  4590        0.54841 0.54841 0.54841   0.00025 0.13945   0.548 
0.52306  4581        0.54746 0.54746 0.54746   0.00025 0.13982   0.547 
0.52400  4572        0.54651 0.54651 0.54651   0.00025 0.14020   0.547 
0.52493  4563        0.54556 0.54556 0.54556   0.00025 0.14057   0.546 
0.52587  4554        0.54460 0.54460 0.54460   0.00025 0.14095   0.545 
0.52681  4545        0.54365 0.54365 0.54365   0.00025 0.14132   0.544 
0.52775  4536        0.54270 0.54270 0.54270   0.00025 0.14170   0.543 
0.52868  4527        0.54175 0.54175 0.54175   0.00025 0.14207   0.542 
0.52962  4518        0.54080 0.54080 0.54080   0.00025 0.14245   0.541 
0.53056  4509        0.53984 0.53984 0.53984   0.00025 0.14283   0.540 
0.53149  4500        0.53889 0.53889 0.53889   0.00025 0.14321   0.539 
0.53243  4491        0.53794 0.53794 0.53794   0.00025 0.14359   0.538 
0.53337  4482        0.53698 0.53698 0.53698   0.00025 0.14397   0.537 
0.53431  4473        0.53602 0.53602 0.53602   0.00025 0.14435   0.536 
0.53524  4464        0.53507 0.53507 0.53507   0.00025 0.14473   0.535 
0.53618  4455        0.53411 0.53411 0.53411   0.00025 0.14511   0.534 
0.53712  4446        0.53315 0.53315 0.53315   0.00025 0.14550   0.533 
0.53805  4437        0.53220 0.53220 0.53220   0.00025 0.14588   0.532 
0.53899  4428        0.53124 0.53124 0.53124   0.00025 0.14627   0.531 
0.53993  4419        0.53028 0.53028 0.53028   0.00025 0.14665   0.530 
0.54086  4410        0.52932 0.52932 0.52932   0.00025 0.14704   0.529 
0.54180  4401        0.52836 0.52836 0.52836   0.00025 0.14742   0.528 
0.54274  4392        0.52740 0.52740 0.52740   0.00025 0.14781   0.527 
0.54368  4383        0.52644 0.52644 0.52644   0.00026 0.14820   0.526 
0.54461  4374        0.52548 0.52548 0.52548   0.00026 0.14859   0.525 
0.54555  4365        0.52452 0.52452 0.52452   0.00026 0.14898   0.525 
0.54649  4356        0.52356 0.52356 0.52356   0.00026 0.14937   0.524 
0.54742  4347        0.52260 0.52260 0.52260   0.00026 0.14976   0.523 
0.54836  4338        0.52163 0.52163 0.52163   0.00026 0.15015   0.522 
0.54930  4329        0.52067 0.52067 0.52067   0.00026 0.15054   0.521 
0.55023  4320        0.51971 0.51971 0.51971   0.00026 0.15094   0.520 
0.55117  4311        0.51874 0.51874 0.51874   0.00026 0.15133   0.519 
0.55211  4302        0.51778 0.51778 0.51778   0.00026 0.15173   0.518 
0.55305  4293        0.51681 0.51681 0.51681   0.00026 0.15212   0.517 
0.55398  4284        0.51585 0.51585 0.51585   0.00026 0.15252   0.516 
0.55492  4275        0.51488 0.51488 0.51488   0.00026 0.15292   0.515 
0.55586  4266        0.51391 0.51391 0.51391   0.00026 0.15331   0.514 
0.55679  4257        0.51295 0.51295 0.51295   0.00026 0.15371   0.513 
0.55773  4248        0.51198 0.51198 0.51198   0.00026 0.15411   0.512 
0.55867  4239        0.51101 0.51101 0.51101   0.00026 0.15451   0.511 
0.55960  4230        0.51004 0.51004 0.51004   0.00026 0.15491   0.510 
0.56054  4221        0.50907 0.50907 0.50907   0.00026 0.15531   0.509 
0.56148  4212        0.50810 0.50810 0.50810   0.00026 0.15572   0.508 
0.56242  4203        0.50713 0.50713 0.50713   0.00026 0.15612   0.507 
0.56335  4194        0.50616 0.50616 0.50616   0.00026 0.15652   0.506 
0.56429  4185        0.50519 0.50519 0.50519   0.00026 0.15693   0.505 
0.56523  4176        0.50422 0.50422 0.50422   0.00026 0.15733   0.504 
0.56616  4167        0.50325 0.50325 0.50325   0.00026 0.15774   0.503 
0.56710  4158        0.50228 0.50228 0.50228   0.00026 0.15815   0.502 
0.56804  4149        0.50130 0.50130 0.50130   0.00026 0.15856   0.501 
0.56897  4140        0.50033 0.50033 0.50033   0.00026 0.15896   0.500 
0.56991  4131        0.49936 0.49936 0.49936   0.00026 0.15937   0.499 
0.57085  4122        0.49838 0.49838 0.49838   0.00026 0.15978   0.498 
0.57179  4113        0.49741 0.49741 0.49741   0.00026 0.16020   0.497 
0.57272  4104        0.49643 0.49643 0.49643   0.00026 0.16061   0.496 
0.57366  4095        0.49545 0.49545 0.49545   0.00026 0.16102   0.495 
0.57460  4086        0.49448 0.49448 0.49448   0.00026 0.16144   0.494 
0.57553  4077        0.49350 0.49350 0.49350   0.00026 0.16185   0.494 
0.57647  4068        0.49252 0.49252 0.49252   0.00026 0.16226   0.493 
0.57741  4059        0.49155 0.49155 0.49155   0.00026 0.16268   0.492 
0.57834  4050        0.49057 0.49057 0.49057   0.00026 0.16310   0.491 
0.57928  4041        0.48959 0.48959 0.48959   0.00026 0.16351   0.490 
0.58022  4032        0.48861 0.48861 0.48861   0.00026 0.16393   0.489 
0.58116  4023        0.48763 0.48763 0.48763   0.00026 0.16435   0.488 
0.58209  4014        0.48665 0.48665 0.48665   0.00026 0.16477   0.487 
0.58303  4005        0.48567 0.48567 0.48567   0.00027 0.16519   0.486 
0.58397  3996        0.48469 0.48469 0.48469   0.00027 0.16562   0.485 
0.58490  3987        0.48371 0.48371 0.48371   0.00027 0.16604   0.484 
0.58584  3978        0.48273 0.48273 0.48273   0.00027 0.16646   0.483 
0.58678  3969        0.48174 0.48174 0.48174   0.00027 0.16689   0.482 
0.58771  3960        0.48076 0.48076 0.48076   0.00027 0.16731   0.481 
0.58865  3951        0.47978 0.47978 0.47978   0.00027 0.16774   0.480 
0.58959  3942        0.47879 0.47879 0.47879   0.00027 0.16816   0.479 
0.59053  3933        0.47781 0.47781 0.47781   0.00027 0.16859   0.478 
0.59146  3924        0.47683 0.47683 0.47683   0.00027 0.16902   0.477 
0.59240  3915        0.47584 0.47584 0.47584   0.00027 0.16945   0.476 
0.59334  3906        0.47486 0.47486 0.47486   0.00027 0.16988   0.475 
0.59427  3897        0.47387 0.47387 0.47387   0.00027 0.17031   0.474 
0.59521  3888        0.47288 0.47288 0.47288   0.00027 0.17074   0.473 
0.59615  3879        0.47190 0.47190 0.47190   0.00027 0.17118   0.472 
0.59708  3870        0.47091 0.47091 0.47091   0.00027 0.17161   0.471 
0.59802  3861        0.46992 0.46992 0.46992   0.00027 0.17205   0.470 
0.59896  3852        0.46893 0.46893 0.46893   0.00027 0.17248   0.469 
0.59990  3843        0.46794 0.46794 0.46794   0.00027 0.17292   0.468 
0.60083  3834        0.46696 0.46696 0.46696   0.00027 0.17336   0.467 
0.60177  3825        0.46597 0.46597 0.46597   0.00027 0.17379   0.466 
0.60271  3816        0.46498 0.46498 0.46498   0.00027 0.17423   0.465 
0.60364  3807        0.46399 0.46399 0.46399   0.00027 0.17467   0.464 
0.60458  3798        0.46300 0.46300 0.46300   0.00027 0.17511   0.463 
0.60552  3789        0.46201 0.46201 0.46201   0.00027 0.17555   0.462 
0.60645  3780        0.46102 0.46102 0.46102   0.00027 0.17600   0.461 
0.60739  3771        0.46002 0.46002 0.46002   0.00027 0.17644   0.460 
0.60833  3762        0.45903 0.45903 0.45903   0.00027 0.17688   0.459 
0.60927  3753        0.45804 0.45804 0.45804   0.00027 0.17733   0.458 
0.61020  3744        0.45705 0.45705 0.45705   0.00027 0.17778   0.457 
0.61114  3735        0.45605 0.45605 0.45605   0.00027 0.17822   0.456 
0.61208  3726        0.45506 0.45506 0.45506   0.00027 0.17867   0.455 
0.61301  3717        0.45406 0.45406 0.45406   0.00027 0.17912   0.454 
0.61395  3708        0.45307 0.45307 0.45307   0.00027 0.17957   0.453 
0.61489  3699        0.45207 0.45207 0.45207   0.00027 0.18002   0.452 
0.61583  3690        0.45107 0.45107 0.45107   0.00027 0.18048   0.451 
0.61676  3681        0.45008 0.45008 0.45008   0.00027 0.18093   0.450 
0.61770  3672        0.44908 0.44908 0.44908   0.00027 0.18138   0.449 
0.61864  3663        0.44808 0.44808 0.44808   0.00028 0.18184   0.448 
0.61957  3654        0.44709 0.44709 0.44709   0.00028 0.18229   0.447 
0.62051  3645        0.44609 0.44609 0.44609   0.00028 0.18275   0.446 
0.62145  3636        0.44509 0.44509 0.44509   0.00028 0.18321   0.445 
0.62238  3627        0.44409 0.44409 0.44409   0.00028 0.18366   0.444 
0.62332  3618        0.44309 0.44309 0.44309   0.00028 0.18412   0.443 
0.62426  3609        0.44209 0.44209 0.44209   0.00028 0.18459   0.442 
0.62520  3600        0.44109 0.44109 0.44109   0.00028 0.18505   0.441 
0.62613  3591        0.44009 0.44009 0.44009   0.00028 0.18551   0.440 
0.62707  3582        0.43909 0.43909 0.43909   0.00028 0.18597   0.439 
0.62801  3573        0.43809 0.43809 0.43809   0.00028 0.18644   0.438 
0.62894  3564        0.43709 0.43709 0.43709   0.00028 0.18690   0.437 
0.62988  3555        0.43608 0.43608 0.43608   0.00028 0.18737   0.436 
0.63082  3546        0.43508 0.43508 0.43508   0.00028 0.18784   0.435 
0.63175  3537        0.43408 0.43408 0.43408   0.00028 0.18831   0.434 
0.63269  3528        0.43307 0.43307 0.43307   0.00028 0.18878   0.433 
0.63363  3519        0.43207 0.43207 0.43207   0.00028 0.18925   0.432 
0.63457  3510        0.43106 0.43106 0.43106   0.00028 0.18972   0.431 
0.63550  3501        0.43006 0.43006 0.43006   0.00028 0.19019   0.430 
0.63644  3492        0.42905 0.42905 0.42905   0.00028 0.19067   0.429 
0.63738  3483        0.42805 0.42805 0.42805   0.00028 0.19114   0.428 
0.63831  3474        0.42704 0.42704 0.42704   0.00028 0.19162   0.427 
0.63925  3465        0.42603 0.42603 0.42603   0.00028 0.19209   0.426 
0.64019  3456        0.42503 0.42503 0.42503   0.00028 0.19257   0.425 
0.64112  3447        0.42402 0.42402 0.42402   0.00028 0.19305   0.424 
0.64206  3438        0.42301 0.42301 0.42301   0.00028 0.19353   0.423 
0.64300  3429        0.42200 0.42200 0.42200   0.00028 0.19401   0.422 
0.64394  3420        0.42099 0.42099 0.42099   0.00028 0.19449   0.421 
0.64487  3411        0.41998 0.41998 0.41998   0.00028 0.19498   0.420 
0.64581  3402        0.41897 0.41897 0.41897   0.00028 0.19546   0.419 
0.64675  3393        0.41796 0.41796 0.41796   0.00028 0.19595   0.418 
0.64768  3384        0.41695 0.41695 0.41695   0.00028 0.19643   0.417 
0.64862  3375        0.41594 0.41594 0.41594   0.00028 0.19692   0.416 
0.64956  3366        0.41493 0.41493 0.41493   0.00028 0.19741   0.415 
0.65049  3357        0.41392 0.41392 0.41392   0.00028 0.19790   0.414 
0.65143  3348        0.41290 0.41290 0.41290   0.00029 0.19839   0.413 
0.65237  3339        0.41189 0.41189 0.41189   0.00029 0.19888   0.412 
0.65331  3330        0.41088 0.41088 0.41088   0.00029 0.19938   0.411 
0.65424  3321        0.40986 0.40986 0.40986   0.00029 0.19987   0.410 
0.65518  3312        0.40885 0.40885 0.40885   0.00029 0.20037   0.409 
0.65612  3303        0.40783 0.40783 0.40783   0.00029 0.20087   0.408 
0.65705  3294        0.40682 0.40682 0.40682   0.00029 0.20136   0.407 
0.65799  3285        0.40580 0.40580 0.40580   0.00029 0.20186   0.406 
0.65893  3276        0.40478 0.40478 0.40478   0.00029 0.20236   0.405 
0.65986  3267        0.40377 0.40377 0.40377   0.00029 0.20286   0.404 
0.66080  3258        0.40275 0.40275 0.40275   0.00029 0.20337   0.403 
0.66174  3249        0.40173 0.40173 0.40173   0.00029 0.20387   0.402 
0.66268  3240        0.40071 0.40071 0.40071   0.00029 0.20437   0.401 
0.66361  3231        0.39970 0.39970 0.39970   0.00029 0.20488   0.400 
0.66455  3222        0.39868 0.39868 0.39868   0.00029 0.20539   0.399 
0.66549  3213        0.39766 0.39766 0.39766   0.00029 0.20590   0.398 
0.66642  3204        0.39664 0.39664 0.39664   0.00029 0.20641   0.397 
0.66736  3195        0.39562 0.39562 0.39562   0.00029 0.20692   0.396 
0.66830  3186        0.39459 0.39459 0.39459   0.00029 0.20743   0.395 
0.66923  3177        0.39357 0.39357 0.39357   0.00029 0.20794   0.394 
0.67017  3168        0.39255 0.39255 0.39255   0.00029 0.20846   0.393 
0.67111  3159        0.39153 0.39153 0.39153   0.00029 0.20897   0.392 
0.67205  3150        0.39051 0.39051 0.39051   0.00029 0.20949   0.391 
0.67298  3141        0.38948 0.38948 0.38948   0.00029 0.21001   0.389 
0.67392  3132        0.38846 0.38846 0.38846   0.00029 0.21053   0.388 
0.67486  3123        0.38743 0.38743 0.38743   0.00029 0.21105   0.387 
0.67579  3114        0.38641 0.38641 0.38641   0.00029 0.21157   0.386 
0.67673  3105        0.38539 0.38539 0.38539   0.00029 0.21210   0.385 
0.67767  3096        0.38436 0.38436 0.38436   0.00029 0.21262   0.384 
0.67860  3087        0.38333 0.38333 0.38333   0.00029 0.21315   0.383 
0.67954  3078        0.38231 0.38231 0.38231   0.00029 0.21367   0.382 
0.68048  3069        0.38128 0.38128 0.38128   0.00029 0.21420   0.381 
0.68142  3060        0.38025 0.38025 0.38025   0.00029 0.21473   0.380 
0.68235  3051        0.37923 0.37923 0.37923   0.00030 0.21526   0.379 
0.68329  3042        0.37820 0.37820 0.37820   0.00030 0.21580   0.378 
0.68423  3033        0.37717 0.37717 0.37717   0.00030 0.21633   0.377 
0.68516  3024        0.37614 0.37614 0.37614   0.00030 0.21686   0.376 
0.68610  3015        0.37511 0.37511 0.37511   0.00030 0.21740   0.375 
0.68704  3006        0.37408 0.37408 0.37408   0.00030 0.21794   0.374 
0.68797  2997        0.37305 0.37305 0.37305   0.00030 0.21848   0.373 
0.68891  2988        0.37202 0.37202 0.37202   0.00030 0.21902   0.372 
0.68985  2979        0.37099 0.37099 0.37099   0.00030 0.21956   0.371 
0.69079  2970        0.36996 0.36996 0.36996   0.00030 0.22010   0.370 
0.69172  2961        0.36892 0.36892 0.36892   0.00030 0.22065   0.369 
0.69266  2952        0.36789 0.36789 0.36789   0.00030 0.22119   0.368 
0.69360  2943        0.36686 0.36686 0.36686   0.00030 0.22174   0.367 
0.69453  2934        0.36582 0.36582 0.36582   0.00030 0.22229   0.366 
0.69547  2925        0.36479 0.36479 0.36479   0.00030 0.22284   0.365 
0.69641  2916        0.36375 0.36375 0.36375   0.00030 0.22339   0.364 
0.69735  2907        0.36272 0.36272 0.36272   0.00030 0.22395   0.363 
0.69828  2898        0.36168 0.36168 0.36168   0.00030 0.22450   0.362 
0.69922  2889        0.36065 0.36065 0.36065   0.00030 0.22506   0.361 
0.70016  2880        0.35961 0.35961 0.35961   0.00030 0.22561   0.360 
0.70109  2871        0.35857 0.35857 0.35857   0.00030 0.22617   0.359 
0.70203  2862        0.35754 0.35754 0.35754   0.00030 0.22673   0.358 
0.70297  2853        0.35650 0.35650 0.35650   0.00030 0.22729   0.356 
0.70390  2844        0.35546 0.35546 0.35546   0.00030 0.22786   0.355 
0.70484  2835        0.35442 0.35442 0.35442   0.00030 0.22842   0.354 
0.70578  2826        0.35338 0.35338 0.35338   0.00030 0.22899   0.353 
0.70672  2817        0.35234 0.35234 0.35234   0.00030 0.22955   0.352 
0.70765  2808        0.35130 0.35130 0.35130   0.00030 0.23012   0.351 
0.70859  2799        0.35026 0.35026 0.35026   0.00030 0.23069   0.350 
0.70953  2790        0.34922 0.34922 0.34922   0.00031 0.23127   0.349 
0.71046  2781        0.34818 0.34818 0.34818   0.00031 0.23184   0.348 
0.71140  2772        0.34714 0.34714 0.34714   0.00031 0.23242   0.347 
0.71234  2763        0.34610 0.34610 0.34610   0.00031 0.23299   0.346 
0.71327  2754        0.34505 0.34505 0.34505   0.00031 0.23357   0.345 
0.71421  2745        0.34401 0.34401 0.34401   0.00031 0.23415   0.344 
0.71515  2736        0.34297 0.34297 0.34297   0.00031 0.23473   0.343 
0.71609  2727        0.34192 0.34192 0.34192   0.00031 0.23531   0.342 
0.71702  2718        0.34088 0.34088 0.34088   0.00031 0.23590   0.341 
0.71796  2709        0.33984 0.33984 0.33984   0.00031 0.23649   0.340 
0.71890  2700        0.33879 0.33879 0.33879   0.00031 0.23707   0.339 
0.71983  2691        0.33774 0.33774 0.33774   0.00031 0.23766   0.338 
0.72077  2682        0.33670 0.33670 0.33670   0.00031 0.23825   0.337 
0.72171  2673        0.33565 0.33565 0.33565   0.00031 0.23885   0.336 
0.72264  2664        0.33460 0.33460 0.33460   0.00031 0.23944   0.335 
0.72358  2655        0.33356 0.33356 0.33356   0.00031 0.24004   0.334 
0.72452  2646        0.33251 0.33251 0.33251   0.00031 0.24064   0.333 
0.72546  2637        0.33146 0.33146 0.33146   0.00031 0.24124   0.331 
0.72639  2628        0.33041 0.33041 0.33041   0.00031 0.24184   0.330 
0.72733  2619        0.32936 0.32936 0.32936   0.00031 0.24244   0.329 
0.72827  2610        0.32831 0.32831 0.32831   0.00031 0.24304   0.328 
0.72920  2601        0.32726 0.32726 0.32726   0.00031 0.24365   0.327 
0.73014  2592        0.32621 0.32621 0.32621   0.00031 0.24426   0.326 
0.73108  2583        0.32516 0.32516 0.32516   0.00031 0.24487   0.325 
0.73201  2574        0.32411 0.32411 0.32411   0.00031 0.24548   0.324 
0.73295  2565        0.32305 0.32305 0.32305   0.00031 0.24609   0.323 
0.73389  2556        0.32200 0.32200 0.32200   0.00031 0.24671   0.322 
0.73483  2547        0.32095 0.32095 0.32095   0.00032 0.24732   0.321 
0.73576  2538        0.31989 0.31989 0.31989   0.00032 0.24794   0.320 
0.73670  2529        0.31884 0.31884 0.31884   0.00032 0.24856   0.319 
0.73764  2520        0.31779 0.31779 0.31779   0.00032 0.24918   0.318 
0.73857  2511        0.31673 0.31673 0.31673   0.00032 0.24981   0.317 
0.73951  2502        0.31567 0.31567 0.31567   0.00032 0.25043   0.316 
0.74045  2493        0.31462 0.31462 0.31462   0.00032 0.25106   0.315 
0.74138  2484        0.31356 0.31356 0.31356   0.00032 0.25169   0.314 
0.74232  2475        0.31250 0.31250 0.31250   0.00032 0.25232   0.313 
0.74326  2466        0.31145 0.31145 0.31145   0.00032 0.25296   0.311 
0.74420  2457        0.31039 0.31039 0.31039   0.00032 0.25359   0.310 
0.74513  2448        0.30933 0.30933 0.30933   0.00032 0.25423   0.309 
0.74607  2439        0.30827 0.30827 0.30827   0.00032 0.25487   0.308 
0.74701  2430        0.30721 0.30721 0.30721   0.00032 0.25551   0.307 
0.74794  2421        0.30615 0.30615 0.30615   0.00032 0.25615   0.306 
0.74888  2412        0.30509 0.30509 0.30509   0.00032 0.25680   0.305 
0.74982  2403        0.30403 0.30403 0.30403   0.00032 0.25744   0.304 
0.75075  2394        0.30297 0.30297 0.30297   0.00032 0.25809   0.303 
0.75169  2385        0.30191 0.30191 0.30191   0.00032 0.25874   0.302 
0.75263  2376        0.30084 0.30084 0.30084   0.00032 0.25940   0.301 
0.75357  2367        0.29978 0.29978 0.29978   0.00032 0.26005   0.300 
0.75450  2358        0.29872 0.29872 0.29872   0.00032 0.26071   0.299 
0.75544  2349        0.29765 0.29765 0.29765   0.00032 0.26137   0.298 
0.75638  2340        0.29659 0.29659 0.29659   0.00032 0.26203   0.297 
0.75731  2331        0.29552 0.29552 0.29552   0.00032 0.26269   0.296 
0.75825  2322        0.29446 0.29446 0.29446   0.00033 0.26336   0.294 
0.75919  2313        0.29339 0.29339 0.29339   0.00033 0.26403   0.293 
0.76012  2304        0.29233 0.29233 0.29233   0.00033 0.26470   0.292 
0.76106  2295        0.29126 0.29126 0.29126   0.00033 0.26537   0.291 
0.76200  2286        0.29019 0.29019 0.29019   0.00033 0.26604   0.290 
0.76294  2277        0.28912 0.28912 0.28912   0.00033 0.26672   0.289 
0.76387  2268        0.28805 0.28805 0.28805   0.00033 0.26740   0.288 
0.76481  2259        0.28698 0.28698 0.28698   0.00033 0.26808   0.287 
0.76575  2250        0.28591 0.28591 0.28591   0.00033 0.26876   0.286 
0.76668  2241        0.28484 0.28484 0.28484   0.00033 0.26945   0.285 
0.76762  2232        0.28377 0.28377 0.28377   0.00033 0.27013   0.284 
0.76856  2223        0.28270 0.28270 0.28270   0.00033 0.27082   0.283 
0.76950  2214        0.28163 0.28163 0.28163   0.00033 0.27151   0.282 
0.77043  2205        0.28056 0.28056 0.28056   0.00033 0.27221   0.281 
0.77137  2196        0.27949 0.27949 0.27949   0.00033 0.27290   0.279 
0.77231  2187        0.27842 0.27842 0.27842   0.00033 0.27360   0.278 
0.77324  2178        0.27734 0.27734 0.27734   0.00033 0.27430   0.277 
0.77418  2169        0.27627 0.27627 0.27627   0.00033 0.27501   0.276 
0.77512  2160        0.27519 0.27519 0.27519   0.00033 0.27571   0.275 
0.77605  2151        0.27412 0.27412 0.27412   0.00033 0.27642   0.274 
0.77699  2142        0.27304 0.27304 0.27304   0.00033 0.27713   0.273 
0.77793  2133        0.27197 0.27197 0.27197   0.00033 0.27785   0.272 
0.77887  2124        0.27089 0.27089 0.27089   0.00033 0.27856   0.271 
0.77980  2115        0.26981 0.26981 0.26981   0.00034 0.27928   0.270 
0.78074  2106        0.26873 0.26873 0.26873   0.00034 0.28000   0.269 
0.78168  2097        0.26766 0.26766 0.26766   0.00034 0.28073   0.268 
0.78261  2088        0.26658 0.26658 0.26658   0.00034 0.28145   0.267 
0.78355  2079        0.26550 0.26550 0.26550   0.00034 0.28218   0.265 
0.78449  2070        0.26442 0.26442 0.26442   0.00034 0.28291   0.264 
0.78542  2061        0.26334 0.26334 0.26334   0.00034 0.28364   0.263 
0.78636  2052        0.26226 0.26226 0.26226   0.00034 0.28438   0.262 
0.78730  2043        0.26118 0.26118 0.26118   0.00034 0.28512   0.261 
0.78824  2034        0.26010 0.26010 0.26010   0.00034 0.28586   0.260 
0.78917  2025        0.25901 0.25901 0.25901   0.00034 0.28660   0.259 
0.79011  2016        0.25793 0.25793 0.25793   0.00034 0.28735   0.258 
0.79105  2007        0.25685 0.25685 0.25685   0.00034 0.28810   0.257 
0.79198  1998        0.25576 0.25576 0.25576   0.00034 0.28885   0.256 
0.79292  1989        0.25468 0.25468 0.25468   0.00034 0.28961   0.255 
0.79386  1980        0.25359 0.25359 0.25359   0.00034 0.29037   0.254 
0.79479  1971        0.25251 0.25251 0.25251   0.00034 0.29113   0.253 
0.79573  1962        0.25142 0.25142 0.25142   0.00034 0.29189   0.251 
0.79667  1953        0.25034 0.25034 0.25034   0.00034 0.29266   0.250 
0.79761  1944        0.24925 0.24925 0.24925   0.00034 0.29343   0.249 
0.79854  1935        0.24816 0.24816 0.24816   0.00034 0.29420   0.248 
0.79948  1926        0.24707 0.24707 0.24707   0.00035 0.29497   0.247 
0.80042  1917        0.24598 0.24598 0.24598   0.00035 0.29575   0.246 
0.80135  1908        0.24489 0.24489 0.24489   0.00035 0.29653   0.245 
0.80229  1899        0.24380 0.24380 0.24380   0.00035 0.29732   0.244 
0.80323  1890        0.24271 0.24271 0.24271   0.00035 0.29810   0.243 
0.80416  1881        0.24162 0.24162 0.24162   0.00035 0.29889   0.242 
0.80510  1872        0.24053 0.24053 0.24053   0.00035 0.29969   0.241 
0.80604  1863        0.23944 0.23944 0.23944   0.00035 0.30048   0.239 
0.80698  1854        0.23835 0.23835 0.23835   0.00035 0.30128   0.238 
0.80791  1845        0.23726 0.23726 0.23726   0.00035 0.30208   0.237 
0.80885  1836        0.23616 0.23616 0.23616   0.00035 0.30289   0.236 
0.80979  1827        0.23507 0.23507 0.23507   0.00035 0.30370   0.235 
0.81072  1818        0.23397 0.23397 0.23397   0.00035 0.30451   0.234 
0.81166  1809        0.23288 0.23288 0.23288   0.00035 0.30533   0.233 
0.81260  1800        0.23178 0.23178 0.23178   0.00035 0.30614   0.232 
0.81353  1791        0.23068 0.23068 0.23068   0.00035 0.30697   0.231 
0.81447  1782        0.22959 0.22959 0.22959   0.00035 0.30779   0.230 
0.81541  1773        0.22849 0.22849 0.22849   0.00035 0.30862   0.228 
0.81635  1764        0.22739 0.22739 0.22739   0.00035 0.30945   0.227 
0.81728  1755        0.22629 0.22629 0.22629   0.00036 0.31029   0.226 
0.81822  1746        0.22519 0.22519 0.22519   0.00036 0.31113   0.225 
0.81916  1737        0.22409 0.22409 0.22409   0.00036 0.31197   0.224 
0.82009  1728        0.22299 0.22299 0.22299   0.00036 0.31282   0.223 
0.82103  1719        0.22189 0.22189 0.22189   0.00036 0.31367   0.222 
0.82197  1710        0.22079 0.22079 0.22079   0.00036 0.31452   0.221 
0.82290  1701        0.21969 0.21969 0.21969   0.00036 0.31538   0.220 
0.82384  1692        0.21859 0.21859 0.21859   0.00036 0.31624   0.219 
0.82478  1683        0.21748 0.21748 0.21748   0.00036 0.31710   0.217 
0.82572  1674        0.21638 0.21638 0.21638   0.00036 0.31797   0.216 
0.82665  1665        0.21527 0.21527 0.21527   0.00036 0.31884   0.215 
0.82759  1656        0.21417 0.21417 0.21417   0.00036 0.31972   0.214 
0.82853  1647        0.21306 0.21306 0.21306   0.00036 0.32060   0.213 
0.82946  1638        0.21196 0.21196 0.21196   0.00036 0.32148   0.212 
0.83040  1629        0.21085 0.21085 0.21085   0.00036 0.32237   0.211 
0.83134  1620        0.20975 0.20975 0.20975   0.00036 0.32326   0.210 
0.83227  1611        0.20864 0.20864 0.20864   0.00036 0.32415   0.209 
0.83321  1602        0.20753 0.20753 0.20753   0.00037 0.32505   0.208 
0.83415  1593        0.20642 0.20642 0.20642   0.00037 0.32596   0.206 
0.83509  1584        0.20531 0.20531 0.20531   0.00037 0.32686   0.205 
0.83602  1575        0.20420 0.20420 0.20420   0.00037 0.32778   0.204 
0.83696  1566        0.20309 0.20309 0.20309   0.00037 0.32869   0.203 
0.83790  1557        0.20198 0.20198 0.20198   0.00037 0.32961   0.202 
0.83883  1548        0.20087 0.20087 0.20087   0.00037 0.33054   0.201 
0.83977  1539        0.19975 0.19975 0.19975   0.00037 0.33147   0.200 
0.84071  1530        0.19864 0.19864 0.19864   0.00037 0.33240   0.199 
0.84165  1521        0.19753 0.19753 0.19753   0.00037 0.33334   0.198 
0.84258  1512        0.19641 0.19641 0.19641   0.00037 0.33428   0.196 
0.84352  1503        0.19530 0.19530 0.19530   0.00037 0.33523   0.195 
0.84446  1494        0.19418 0.19418 0.19418   0.00037 0.33618   0.194 
0.84539  1485        0.19307 0.19307 0.19307   0.00037 0.33713   0.193 
0.84633  1476        0.19195 0.19195 0.19195   0.00037 0.33809   0.192 
0.84727  1467        0.19083 0.19083 0.19083   0.00037 0.33906   0.191 
0.84820  1458        0.18972 0.18972 0.18972   0.00038 0.34003   0.190 
0.84914  1449        0.18860 0.18860 0.18860   0.00038 0.34100   0.189 
0.85008  1440        0.18748 0.18748 0.18748   0.00038 0.34198   0.187 
0.85102  1431        0.18636 0.18636 0.18636   0.00038 0.34297   0.186 
0.85195  1422        0.18524 0.18524 0.18524   0.00038 0.34396   0.185 
0.85289  1413        0.18412 0.18412 0.18412   0.00038 0.34495   0.184 
0.85383  1404        0.18300 0.18300 0.18300   0.00038 0.34595   0.183 
0.85476  1395        0.18187 0.18187 0.18187   0.00038 0.34696   0.182 
0.85570  1386        0.18075 0.18075 0.18075   0.00038 0.34797   0.181 
0.85664  1377        0.17963 0.17963 0.17963   0.00038 0.34898   0.180 
0.85757  1368        0.17850 0.17850 0.17850   0.00038 0.35000   0.179 
0.85851  1359        0.17738 0.17738 0.17738   0.00038 0.35103   0.177 
0.85945  1350        0.17626 0.17626 0.17626   0.00038 0.35206   0.176 
0.86039  1341        0.17513 0.17513 0.17513   0.00038 0.35310   0.175 
0.86132  1332        0.17400 0.17400 0.17400   0.00038 0.35414   0.174 
0.86226  1323        0.17288 0.17288 0.17288   0.00039 0.35519   0.173 
0.86320  1314        0.17175 0.17175 0.17175   0.00039 0.35624   0.172 
0.86413  1305        0.17062 0.17062 0.17062   0.00039 0.35730   0.171 
0.86507  1296        0.16949 0.16949 0.16949   0.00039 0.35837   0.169 
0.86601  1287        0.16836 0.16836 0.16836   0.00039 0.35944   0.168 
0.86694  1278        0.16723 0.16723 0.16723   0.00039 0.36052   0.167 
0.86788  1269        0.16610 0.16610 0.16610   0.00039 0.36160   0.166 
0.86882  1260        0.16497 0.16497 0.16497   0.00039 0.36269   0.165 
0.86976  1251        0.16384 0.16384 0.16384   0.00039 0.36378   0.164 
0.87069  1242        0.16271 0.16271 0.16271   0.00039 0.36489   0.163 
0.87163  1233        0.16157 0.16157 0.16157   0.00039 0.36599   0.162 
0.87257  1224        0.16044 0.16044 0.16044   0.00039 0.36711   0.160 
0.87350  1215        0.15931 0.15931 0.15931   0.00039 0.36823   0.159 
0.87444  1206        0.15817 0.15817 0.15817   0.00040 0.36936   0.158 
0.87538  1197        0.15704 0.15704 0.15704   0.00040 0.37049   0.157 
0.87631  1188        0.15590 0.15590 0.15590   0.00040 0.37164   0.156 
0.87725  1179        0.15476 0.15476 0.15476   0.00040 0.37278   0.155 
0.87819  1170        0.15363 0.15363 0.15363   0.00040 0.37394   0.154 
0.87913  1161        0.15249 0.15249 0.15249   0.00040 0.37510   0.152 
0.88006  1152        0.15135 0.15135 0.15135   0.00040 0.37627   0.151 
0.88100  1143        0.15021 0.15021 0.15021   0.00040 0.37745   0.150 
0.88194  1134        0.14907 0.14907 0.14907   0.00040 0.37863   0.149 
0.88287  1125        0.14793 0.14793 0.14793   0.00040 0.37983   0.148 
0.88381  1116        0.14679 0.14679 0.14679   0.00040 0.38103   0.147 
0.88475  1107        0.14565 0.14565 0.14565   0.00040 0.38223   0.146 
0.88568  1098        0.14450 0.14450 0.14450   0.00041 0.38345   0.145 
0.88662  1089        0.14336 0.14336 0.14336   0.00041 0.38467   0.143 
0.88756  1080        0.14222 0.14222 0.14222   0.00041 0.38590   0.142 
0.88850  1071        0.14107 0.14107 0.14107   0.00041 0.38714   0.141 
0.88943  1062        0.13993 0.13993 0.13993   0.00041 0.38839   0.140 
0.89037  1053        0.13878 0.13878 0.13878   0.00041 0.38964   0.139 
0.89131  1044        0.13763 0.13763 0.13763   0.00041 0.39091   0.138 
0.89224  1035        0.13649 0.13649 0.13649   0.00041 0.39218   0.136 
0.89318  1026        0.13534 0.13534 0.13534   0.00041 0.39346   0.135 
0.89412  1017        0.13419 0.13419 0.13419   0.00041 0.39476   0.134 
0.89505  1008        0.13304 0.13304 0.13304   0.00041 0.39606   0.133 
0.89599  999         0.13189 0.13189 0.13189   0.00042 0.39736   0.132 
0.89693  990         0.13074 0.13074 0.13074   0.00042 0.39868   0.131 
0.89787  981         0.12959 0.12959 0.12959   0.00042 0.40001   0.130 
0.89880  972         0.12844 0.12844 0.12844   0.00042 0.40134   0.128 
0.89974  963         0.12729 0.12729 0.12729   0.00042 0.40269   0.127 
0.90068  954         0.12614 0.12614 0.12614   0.00042 0.40405   0.126 
0.90161  945         0.12498 0.12498 0.12498   0.00042 0.40542   0.125 
0.90255  936         0.12383 0.12383 0.12383   0.00042 0.40679   0.124 
0.90349  927         0.12267 0.12267 0.12267   0.00042 0.40818   0.123 
0.90442  918         0.12152 0.12152 0.12152   0.00042 0.40958   0.122 
0.90536  909         0.12036 0.12036 0.12036   0.00043 0.41099   0.120 
0.90630  900         0.11920 0.11920 0.11920   0.00043 0.41241   0.119 
0.90724  891         0.11805 0.11805 0.11805   0.00043 0.41384   0.118 
0.90817  882         0.11689 0.11689 0.11689   0.00043 0.41528   0.117 
0.90911  873         0.11573 0.11573 0.11573   0.00043 0.41674   0.116 
0.91005  864         0.11457 0.11457 0.11457   0.00043 0.41820   0.115 
0.91098  855         0.11341 0.11341 0.11341   0.00043 0.41968   0.113 
0.91192  846         0.11225 0.11225 0.11225   0.00043 0.42117   0.112 
0.91286  837         0.11109 0.11109 0.11109   0.00043 0.42268   0.111 
0.91379  828         0.10993 0.10993 0.10993   0.00043 0.42419   0.110 
0.91473  819         0.10877 0.10877 0.10877   0.00044 0.42572   0.109 
0.91567  810         0.10760 0.10760 0.10760   0.00044 0.42726   0.108 
0.91661  801         0.10644 0.10644 0.10644   0.00044 0.42882   0.106 
0.91754  792         0.10527 0.10527 0.10527   0.00044 0.43039   0.105 
0.91848  783         0.10411 0.10411 0.10411   0.00044 0.43197   0.104 
0.91942  774         0.10294 0.10294 0.10294   0.00044 0.43357   0.103 
0.92035  765         0.10178 0.10178 0.10178   0.00044 0.43518   0.102 
0.92129  756         0.10061 0.10061 0.10061   0.00044 0.43680   0.101 
0.92223  747         0.09944 0.09944 0.09944   0.00045 0.43845   0.099 
0.92317  738         0.09827 0.09827 0.09827   0.00045 0.44010   0.098 
0.92410  729         0.09710 0.09710 0.09710   0.00045 0.44178   0.097 
0.92504  720         0.09593 0.09593 0.09593   0.00045 0.44347   0.096 
0.92598  711         0.09476 0.09476 0.09476   0.00045 0.44517   0.095 
0.92691  702         0.09359 0.09359 0.09359   0.00045 0.44690   0.094 
0.92785  693         0.09242 0.09242 0.09242   0.00045 0.44863   0.092 
0.92879  684         0.09125 0.09125 0.09125   0.00045 0.45039   0.091 
0.92972  675         0.09007 0.09007 0.09007   0.00046 0.45217   0.090 
0.93066  666         0.08890 0.08890 0.08890   0.00046 0.45396   0.089 
0.93160  657         0.08772 0.08772 0.08772   0.00046 0.45577   0.088 
0.93254  648         0.08655 0.08655 0.08655   0.00046 0.45761   0.087 
0.93347  639         0.08537 0.08537 0.08537   0.00046 0.45946   0.085 
0.93441  630         0.08420 0.08420 0.08420   0.00046 0.46133   0.084 
0.93535  621         0.08302 0.08302 0.08302   0.00046 0.46322   0.083 
0.93628  612         0.08184 0.08184 0.08184   0.00047 0.46514   0.082 
0.93722  603         0.08066 0.08066 0.08066   0.00047 0.46707   0.081 
0.93816  594         0.07948 0.07948 0.07948   0.00047 0.46903   0.079 
0.93909  585         0.07830 0.07830 0.07830   0.00047 0.47102   0.078 
0.94003  576         0.07712 0.07712 0.07712   0.00047 0.47302   0.077 
0.94097  567         0.07594 0.07594 0.07594   0.00047 0.47505   0.076 
0.94191  558         0.07476 0.07476 0.07476   0.00047 0.47711   0.075 
0.94284  549         0.07357 0.07357 0.07357   0.00048 0.47919   0.074 
0.94378  540         0.07239 0.07239 0.07239   0.00048 0.48129   0.072 
0.94472  531         0.07121 0.07121 0.07121   0.00048 0.48343   0.071 
0.94565  522         0.07002 0.07002 0.07002   0.00048 0.48559   0.070 
0.94659  513         0.06884 0.06884 0.06884   0.00048 0.48778   0.069 
0.94753  504         0.06765 0.06765 0.06765   0.00048 0.49000   0.068 
0.94846  495         0.06646 0.06646 0.06646   0.00049 0.49226   0.066 
0.94940  486         0.06528 0.06528 0.06528   0.00049 0.49454   0.065 
0.95034  477         0.06409 0.06409 0.06409   0.00049 0.49686   0.064 
0.95128  468         0.06290 0.06290 0.06290   0.00049 0.49920   0.063 
0.95221  459         0.06171 0.06171 0.06171   0.00049 0.50159   0.062 
0.95315  450         0.06052 0.06052 0.06052   0.00050 0.50401   0.061 
0.95409  441         0.05933 0.05933 0.05933   0.00050 0.50647   0.059 
0.95502  432         0.05814 0.05814 0.05814   0.00050 0.50897   0.058 
0.95596  423         0.05694 0.05694 0.05694   0.00050 0.51150   0.057 
0.95690  414         0.05575 0.05575 0.05575   0.00050 0.51408   0.056 
0.95783  405         0.05456 0.05456 0.05456   0.00051 0.51670   0.055 
0.95877  396         0.05336 0.05336 0.05336   0.00051 0.51937   0.053 
0.95971  387         0.05217 0.05217 0.05217   0.00051 0.52209   0.052 
0.96065  378         0.05097 0.05097 0.05097   0.00051 0.52485   0.051 
0.96158  369         0.04978 0.04978 0.04978   0.00051 0.52766   0.050 
0.96252  360         0.04858 0.04858 0.04858   0.00052 0.53053   0.049 
0.96346  351         0.04738 0.04738 0.04738   0.00052 0.53345   0.047 
0.96439  342         0.04618 0.04618 0.04618   0.00052 0.53643   0.046 
0.96533  333         0.04498 0.04498 0.04498   0.00052 0.53947   0.045 
0.96627  324         0.04378 0.04378 0.04378   0.00053 0.54257   0.044 
0.96720  315         0.04258 0.04258 0.04258   0.00053 0.54574   0.043 
0.96814  306         0.04138 0.04138 0.04138   0.00053 0.54898   0.041 
0.96908  297         0.04018 0.04018 0.04018   0.00053 0.55229   0.040 
0.97002  288         0.03897 0.03897 0.03897   0.00054 0.55568   0.039 
0.97095  279         0.03777 0.03777 0.03777   0.00054 0.55915   0.038 
0.97189  270         0.03657 0.03657 0.03657   0.00054 0.56271   0.037 
0.97283  261         0.03536 0.03536 0.03536   0.00055 0.56636   0.035 
0.97376  252         0.03415 0.03415 0.03415   0.00055 0.57011   0.034 
0.97470  243         0.03295 0.03295 0.03295   0.00055 0.57396   0.033 
0.97564  234         0.03174 0.03174 0.03174   0.00055 0.57792   0.032 
0.97657  225         0.03053 0.03053 0.03053   0.00056 0.58200   0.031 
0.97751  216         0.02932 0.02932 0.02932   0.00056 0.58620   0.029 
0.97845  207         0.02811 0.02811 0.02811   0.00057 0.59054   0.028 
0.97939  198         0.02690 0.02690 0.02690   0.00057 0.59502   0.027 
0.98032  189         0.02569 0.02569 0.02569   0.00057 0.59966   0.026 
0.98126  180         0.02447 0.02447 0.02447   0.00058 0.60447   0.024 
0.98220  171         0.02326 0.02326 0.02326   0.00058 0.60947   0.023 
0.98313  162         0.02204 0.02204 0.02204   0.00059 0.61468   0.022 
0.98407  153         0.02083 0.02083 0.02083   0.00059 0.62010   0.021 
0.98501  144         0.01961 0.01961 0.01961   0.00059 0.62577   0.020 
0.98594  135         0.01840 0.01840 0.01840   0.00060 0.63172   0.018 
0.98688  126         0.01718 0.01718 0.01718   0.00061 0.63798   0.017 
0.98782  117         0.01596 0.01596 0.01596   0.00061 0.64459   0.016 
0.98876  108         0.01474 0.01474 0.01474   0.00062 0.65159   0.015 
0.98969  99          0.01351 0.01351 0.01351   0.00062 0.65905   0.014 
0.99063  90          0.01229 0.01229 0.01229   0.00063 0.66704   0.012 
0.99157  81          0.01107 0.01107 0.01107   0.00064 0.67566   0.011 
0.99250  72          0.00984 0.00984 0.00984   0.00065 0.68503   0.010 
0.99344  63          0.00862 0.00862 0.00862   0.00066 0.69534   0.009 
0.99438  54          0.00739 0.00739 0.00739   0.00067 0.70682   0.007 
0.99531  45          0.00616 0.00616 0.00616   0.00068 0.71985   0.006 
0.99625  36          0.00493 0.00493 0.00493   0.00069 0.73502   0.005 
0.99719  27          0.00370 0.00370 0.00370   0.00071 0.75338   0.004 
0.99813  18          0.00247 0.00247 0.00247   0.00073 0.77712   0.002 
0.99906  9           0.00123 0.00123 0.00123   0.00076 0.81256   0.001 
1.00000  0           0.00000 0.00000 0.00000   0.00094 1.00000   0.000 
