# Prop_landscape_lost  cost_needed_for_top_fraction  min_prop_rem  ave_prop_rem  W_prop_rem  ext-1  ext-2  prop_for_each_biodiversity_feature_(e.g._species)_remaining_at_level_of_removal...
0.00549  362         0.99725 0.99725 0.99725   0.00069 0.00069   0.997 
0.00824  361         0.99449 0.99449 0.99449   0.00069 0.00138   0.994 
0.01099  360         0.99174 0.99174 0.99174   0.00069 0.00207   0.992 
0.01374  359         0.98898 0.98898 0.98898   0.00069 0.00277   0.989 
0.01648  358         0.98623 0.98623 0.98623   0.00069 0.00346   0.986 
0.01923  357         0.98347 0.98347 0.98347   0.00069 0.00416   0.983 
0.02198  356         0.98072 0.98072 0.98072   0.00069 0.00486   0.981 
0.02473  355         0.97796 0.97796 0.97796   0.00069 0.00556   0.978 
0.02747  354         0.97521 0.97521 0.97521   0.00070 0.00626   0.975 
0.03022  353         0.97245 0.97245 0.97245   0.00070 0.00696   0.972 
0.03297  352         0.96970 0.96970 0.96970   0.00070 0.00766   0.970 
0.03571  351         0.96694 0.96694 0.96694   0.00070 0.00837   0.967 
0.03846  350         0.96419 0.96419 0.96419   0.00070 0.00908   0.964 
0.04121  349         0.96143 0.96143 0.96143   0.00070 0.00978   0.961 
0.04396  348         0.95868 0.95868 0.95868   0.00070 0.01049   0.959 
0.04670  347         0.95592 0.95592 0.95592   0.00070 0.01121   0.956 
0.04945  346         0.95317 0.95317 0.95317   0.00070 0.01192   0.953 
0.05220  345         0.95041 0.95041 0.95041   0.00070 0.01263   0.950 
0.05495  344         0.94766 0.94766 0.94766   0.00070 0.01335   0.948 
0.05769  343         0.94490 0.94490 0.94490   0.00070 0.01407   0.945 
0.06044  342         0.94215 0.94215 0.94215   0.00070 0.01479   0.942 
0.06319  341         0.93939 0.93939 0.93939   0.00070 0.01551   0.939 
0.06593  340         0.93664 0.93664 0.93664   0.00071 0.01623   0.937 
0.06868  339         0.93388 0.93388 0.93388   0.00071 0.01696   0.934 
0.07143  338         0.93113 0.93113 0.93113   0.00071 0.01768   0.931 
0.07418  337         0.92837 0.92837 0.92837   0.00071 0.01841   0.928 
0.07692  336         0.92562 0.92562 0.92562   0.00071 0.01914   0.926 
0.07967  335         0.92287 0.92287 0.92287   0.00071 0.01987   0.923 
0.08242  334         0.92011 0.92011 0.92011   0.00071 0.02060   0.920 
0.08516  333         0.91736 0.91736 0.91736   0.00071 0.02133   0.917 
0.08791  332         0.91460 0.91460 0.91460   0.00071 0.02207   0.915 
0.09066  331         0.91185 0.91185 0.91185   0.00071 0.02281   0.912 
0.09341  330         0.90909 0.90909 0.90909   0.00071 0.02355   0.909 
0.09615  329         0.90634 0.90634 0.90634   0.00071 0.02429   0.906 
0.09890  328         0.90358 0.90358 0.90358   0.00072 0.02503   0.904 
0.10165  327         0.90083 0.90083 0.90083   0.00072 0.02577   0.901 
0.10440  326         0.89807 0.89807 0.89807   0.00072 0.02652   0.898 
0.10714  325         0.89532 0.89532 0.89532   0.00072 0.02727   0.895 
0.10989  324         0.89256 0.89256 0.89256   0.00072 0.02801   0.893 
0.11264  323         0.88981 0.88981 0.88981   0.00072 0.02877   0.890 
0.11538  322         0.88705 0.88705 0.88705   0.00072 0.02952   0.887 
0.11813  321         0.88430 0.88430 0.88430   0.00072 0.03027   0.884 
0.12088  320         0.88154 0.88154 0.88154   0.00072 0.03103   0.882 
0.12363  319         0.87879 0.87879 0.87879   0.00072 0.03179   0.879 
0.12637  318         0.87603 0.87603 0.87603   0.00072 0.03255   0.876 
0.12912  317         0.87328 0.87328 0.87328   0.00072 0.03331   0.873 
0.13187  316         0.87052 0.87052 0.87052   0.00072 0.03407   0.871 
0.13462  315         0.86777 0.86777 0.86777   0.00073 0.03484   0.868 
0.13736  314         0.86501 0.86501 0.86501   0.00073 0.03560   0.865 
0.14011  313         0.86226 0.86226 0.86226   0.00073 0.03637   0.862 
0.14286  312         0.85950 0.85950 0.85950   0.00073 0.03714   0.860 
0.14560  311         0.85675 0.85675 0.85675   0.00073 0.03791   0.857 
0.14835  310         0.85399 0.85399 0.85399   0.00073 0.03869   0.854 
0.15110  309         0.85124 0.85124 0.85124   0.00073 0.03947   0.851 
0.15385  308         0.84848 0.84848 0.84848   0.00073 0.04024   0.848 
0.15659  307         0.84573 0.84573 0.84573   0.00073 0.04102   0.846 
0.15934  306         0.84298 0.84298 0.84298   0.00073 0.04181   0.843 
0.16209  305         0.84022 0.84022 0.84022   0.00073 0.04259   0.840 
0.16484  304         0.83747 0.83747 0.83747   0.00074 0.04337   0.837 
0.16758  303         0.83471 0.83471 0.83471   0.00074 0.04416   0.835 
0.17033  302         0.83196 0.83196 0.83196   0.00074 0.04495   0.832 
0.17308  301         0.82920 0.82920 0.82920   0.00074 0.04574   0.829 
0.17582  300         0.82645 0.82645 0.82645   0.00074 0.04654   0.826 
0.17857  299         0.82369 0.82369 0.82369   0.00074 0.04733   0.824 
0.18132  298         0.82094 0.82094 0.82094   0.00074 0.04813   0.821 
0.18407  297         0.81818 0.81818 0.81818   0.00074 0.04893   0.818 
0.18681  296         0.81543 0.81543 0.81543   0.00074 0.04973   0.815 
0.18956  295         0.81267 0.81267 0.81267   0.00074 0.05054   0.813 
0.19231  294         0.80992 0.80992 0.80992   0.00074 0.05134   0.810 
0.19505  293         0.80716 0.80716 0.80716   0.00074 0.05215   0.807 
0.19780  292         0.80441 0.80441 0.80441   0.00075 0.05296   0.804 
0.20055  291         0.80165 0.80165 0.80165   0.00075 0.05377   0.802 
0.20330  290         0.79890 0.79890 0.79890   0.00075 0.05458   0.799 
0.20604  289         0.79614 0.79614 0.79614   0.00075 0.05540   0.796 
0.20879  288         0.79339 0.79339 0.79339   0.00075 0.05622   0.793 
0.21154  287         0.79063 0.79063 0.79063   0.00075 0.05704   0.791 
0.21429  286         0.78788 0.78788 0.78788   0.00075 0.05786   0.788 
0.21703  285         0.78512 0.78512 0.78512   0.00075 0.05869   0.785 
0.21978  284         0.78237 0.78237 0.78237   0.00075 0.05951   0.782 
0.22253  283         0.77961 0.77961 0.77961   0.00075 0.06034   0.780 
0.22527  282         0.77686 0.77686 0.77686   0.00076 0.06117   0.777 
0.22802  281         0.77410 0.77410 0.77410   0.00076 0.06201   0.774 
0.23077  280         0.77135 0.77135 0.77135   0.00076 0.06284   0.771 
0.23352  279         0.76860 0.76860 0.76860   0.00076 0.06368   0.769 
0.23626  278         0.76584 0.76584 0.76584   0.00076 0.06452   0.766 
0.23901  277         0.76309 0.76309 0.76309   0.00076 0.06536   0.763 
0.24176  276         0.76033 0.76033 0.76033   0.00076 0.06621   0.760 
0.24451  275         0.75758 0.75758 0.75758   0.00076 0.06705   0.758 
0.24725  274         0.75482 0.75482 0.75482   0.00076 0.06790   0.755 
0.25000  273         0.75207 0.75207 0.75207   0.00076 0.06875   0.752 
0.25275  272         0.74931 0.74931 0.74931   0.00076 0.06961   0.749 
0.25549  271         0.74656 0.74656 0.74656   0.00077 0.07047   0.747 
0.25824  270         0.74380 0.74380 0.74380   0.00077 0.07132   0.744 
0.26099  269         0.74105 0.74105 0.74105   0.00077 0.07218   0.741 
0.26374  268         0.73829 0.73829 0.73829   0.00077 0.07305   0.738 
0.26648  267         0.73554 0.73554 0.73554   0.00077 0.07391   0.736 
0.26923  266         0.73278 0.73278 0.73278   0.00077 0.07478   0.733 
0.27198  265         0.73003 0.73003 0.73003   0.00077 0.07565   0.730 
0.27473  264         0.72727 0.72727 0.72727   0.00077 0.07653   0.727 
0.27747  263         0.72452 0.72452 0.72452   0.00077 0.07740   0.725 
0.28022  262         0.72176 0.72176 0.72176   0.00078 0.07828   0.722 
0.28297  261         0.71901 0.71901 0.71901   0.00078 0.07916   0.719 
0.28571  260         0.71625 0.71625 0.71625   0.00078 0.08004   0.716 
0.28846  259         0.71350 0.71350 0.71350   0.00078 0.08093   0.713 
0.29121  258         0.71074 0.71074 0.71074   0.00078 0.08182   0.711 
0.29396  257         0.70799 0.70799 0.70799   0.00078 0.08271   0.708 
0.29670  256         0.70523 0.70523 0.70523   0.00078 0.08360   0.705 
0.29945  255         0.70248 0.70248 0.70248   0.00078 0.08450   0.702 
0.30220  254         0.69972 0.69972 0.69972   0.00078 0.08540   0.700 
0.30495  253         0.69697 0.69697 0.69697   0.00078 0.08630   0.697 
0.30769  252         0.69421 0.69421 0.69421   0.00079 0.08720   0.694 
0.31044  251         0.69146 0.69146 0.69146   0.00079 0.08811   0.691 
0.31319  250         0.68871 0.68871 0.68871   0.00079 0.08902   0.689 
0.31593  249         0.68595 0.68595 0.68595   0.00079 0.08993   0.686 
0.31868  248         0.68320 0.68320 0.68320   0.00079 0.09085   0.683 
0.32143  247         0.68044 0.68044 0.68044   0.00079 0.09177   0.680 
0.32418  246         0.67769 0.67769 0.67769   0.00079 0.09269   0.678 
0.32692  245         0.67493 0.67493 0.67493   0.00079 0.09361   0.675 
0.32967  244         0.67218 0.67218 0.67218   0.00079 0.09454   0.672 
0.33242  243         0.66942 0.66942 0.66942   0.00080 0.09547   0.669 
0.33516  242         0.66667 0.66667 0.66667   0.00080 0.09640   0.667 
0.33791  241         0.66391 0.66391 0.66391   0.00080 0.09733   0.664 
0.34066  240         0.66116 0.66116 0.66116   0.00080 0.09827   0.661 
0.34341  239         0.65840 0.65840 0.65840   0.00080 0.09921   0.658 
0.34615  238         0.65565 0.65565 0.65565   0.00080 0.10016   0.656 
0.34890  237         0.65289 0.65289 0.65289   0.00080 0.10110   0.653 
0.35165  236         0.65014 0.65014 0.65014   0.00080 0.10205   0.650 
0.35440  235         0.64738 0.64738 0.64738   0.00080 0.10300   0.647 
0.35714  234         0.64463 0.64463 0.64463   0.00081 0.10396   0.645 
0.35989  233         0.64187 0.64187 0.64187   0.00081 0.10492   0.642 
0.36264  232         0.63912 0.63912 0.63912   0.00081 0.10588   0.639 
0.36538  231         0.63636 0.63636 0.63636   0.00081 0.10685   0.636 
0.36813  230         0.63361 0.63361 0.63361   0.00081 0.10781   0.634 
0.37088  229         0.63085 0.63085 0.63085   0.00081 0.10879   0.631 
0.37363  228         0.62810 0.62810 0.62810   0.00081 0.10976   0.628 
0.37637  227         0.62534 0.62534 0.62534   0.00081 0.11074   0.625 
0.37912  226         0.62259 0.62259 0.62259   0.00082 0.11172   0.623 
0.38187  225         0.61983 0.61983 0.61983   0.00082 0.11270   0.620 
0.38462  224         0.61708 0.61708 0.61708   0.00082 0.11369   0.617 
0.38736  223         0.61433 0.61433 0.61433   0.00082 0.11468   0.614 
0.39011  222         0.61157 0.61157 0.61157   0.00082 0.11568   0.612 
0.39286  221         0.60882 0.60882 0.60882   0.00082 0.11667   0.609 
0.39560  220         0.60606 0.60606 0.60606   0.00082 0.11767   0.606 
0.39835  219         0.60331 0.60331 0.60331   0.00082 0.11868   0.603 
0.40110  218         0.60055 0.60055 0.60055   0.00083 0.11969   0.601 
0.40385  217         0.59780 0.59780 0.59780   0.00083 0.12070   0.598 
0.40659  216         0.59504 0.59504 0.59504   0.00083 0.12171   0.595 
0.40934  215         0.59229 0.59229 0.59229   0.00083 0.12273   0.592 
0.41209  214         0.58953 0.58953 0.58953   0.00083 0.12375   0.590 
0.41484  213         0.58678 0.58678 0.58678   0.00083 0.12478   0.587 
0.41758  212         0.58402 0.58402 0.58402   0.00083 0.12581   0.584 
0.42033  211         0.58127 0.58127 0.58127   0.00083 0.12684   0.581 
0.42308  210         0.57851 0.57851 0.57851   0.00084 0.12788   0.579 
0.42582  209         0.57576 0.57576 0.57576   0.00084 0.12892   0.576 
0.42857  208         0.57300 0.57300 0.57300   0.00084 0.12996   0.573 
0.43132  207         0.57025 0.57025 0.57025   0.00084 0.13101   0.570 
0.43407  206         0.56749 0.56749 0.56749   0.00084 0.13206   0.567 
0.43681  205         0.56474 0.56474 0.56474   0.00084 0.13311   0.565 
0.43956  204         0.56198 0.56198 0.56198   0.00084 0.13417   0.562 
0.44231  203         0.55923 0.55923 0.55923   0.00085 0.13524   0.559 
0.44505  202         0.55647 0.55647 0.55647   0.00085 0.13630   0.556 
0.44780  201         0.55372 0.55372 0.55372   0.00085 0.13737   0.554 
0.45055  200         0.55096 0.55096 0.55096   0.00085 0.13845   0.551 
0.45330  199         0.54821 0.54821 0.54821   0.00085 0.13953   0.548 
0.45604  198         0.54545 0.54545 0.54545   0.00085 0.14061   0.545 
0.45879  197         0.54270 0.54270 0.54270   0.00085 0.14170   0.543 
0.46154  196         0.53994 0.53994 0.53994   0.00086 0.14279   0.540 
0.46429  195         0.53719 0.53719 0.53719   0.00086 0.14389   0.537 
0.46703  194         0.53444 0.53444 0.53444   0.00086 0.14498   0.534 
0.46978  193         0.53168 0.53168 0.53168   0.00086 0.14609   0.532 
0.47253  192         0.52893 0.52893 0.52893   0.00086 0.14720   0.529 
0.47527  191         0.52617 0.52617 0.52617   0.00086 0.14831   0.526 
0.47802  190         0.52342 0.52342 0.52342   0.00086 0.14943   0.523 
0.48077  189         0.52066 0.52066 0.52066   0.00087 0.15055   0.521 
0.48352  188         0.51791 0.51791 0.51791   0.00087 0.15167   0.518 
0.48626  187         0.51515 0.51515 0.51515   0.00087 0.15280   0.515 
0.48901  186         0.51240 0.51240 0.51240   0.00087 0.15394   0.512 
0.49176  185         0.50964 0.50964 0.50964   0.00087 0.15508   0.510 
0.49451  184         0.50689 0.50689 0.50689   0.00087 0.15622   0.507 
0.49725  183         0.50413 0.50413 0.50413   0.00087 0.15737   0.504 
0.50000  182         0.50138 0.50138 0.50138   0.00088 0.15853   0.501 
0.50275  181         0.49862 0.49862 0.49862   0.00088 0.15968   0.499 
0.50549  180         0.49587 0.49587 0.49587   0.00088 0.16085   0.496 
0.50824  179         0.49311 0.49311 0.49311   0.00088 0.16201   0.493 
0.51099  178         0.49036 0.49036 0.49036   0.00088 0.16319   0.490 
0.51374  177         0.48760 0.48760 0.48760   0.00088 0.16436   0.488 
0.51648  176         0.48485 0.48485 0.48485   0.00089 0.16555   0.485 
0.51923  175         0.48209 0.48209 0.48209   0.00089 0.16674   0.482 
0.52198  174         0.47934 0.47934 0.47934   0.00089 0.16793   0.479 
0.52473  173         0.47658 0.47658 0.47658   0.00089 0.16913   0.477 
0.52747  172         0.47383 0.47383 0.47383   0.00089 0.17033   0.474 
0.53022  171         0.47107 0.47107 0.47107   0.00089 0.17154   0.471 
0.53297  170         0.46832 0.46832 0.46832   0.00090 0.17275   0.468 
0.53571  169         0.46556 0.46556 0.46556   0.00090 0.17397   0.466 
0.53846  168         0.46281 0.46281 0.46281   0.00090 0.17520   0.463 
0.54121  167         0.46006 0.46006 0.46006   0.00090 0.17643   0.460 
0.54396  166         0.45730 0.45730 0.45730   0.00090 0.17766   0.457 
0.54670  165         0.45455 0.45455 0.45455   0.00090 0.17890   0.455 
0.54945  164         0.45179 0.45179 0.45179   0.00091 0.18015   0.452 
0.55220  163         0.44904 0.44904 0.44904   0.00091 0.18140   0.449 
0.55495  162         0.44628 0.44628 0.44628   0.00091 0.18266   0.446 
0.55769  161         0.44353 0.44353 0.44353   0.00091 0.18393   0.444 
0.56044  160         0.44077 0.44077 0.44077   0.00091 0.18520   0.441 
0.56319  159         0.43802 0.43802 0.43802   0.00091 0.18647   0.438 
0.56593  158         0.43526 0.43526 0.43526   0.00092 0.18775   0.435 
0.56868  157         0.43251 0.43251 0.43251   0.00092 0.18904   0.433 
0.57143  156         0.42975 0.42975 0.42975   0.00092 0.19034   0.430 
0.57418  155         0.42700 0.42700 0.42700   0.00092 0.19164   0.427 
0.57692  154         0.42424 0.42424 0.42424   0.00092 0.19294   0.424 
0.57967  153         0.42149 0.42149 0.42149   0.00093 0.19426   0.421 
0.58242  152         0.41873 0.41873 0.41873   0.00093 0.19558   0.419 
0.58516  151         0.41598 0.41598 0.41598   0.00093 0.19690   0.416 
0.58791  150         0.41322 0.41322 0.41322   0.00093 0.19824   0.413 
0.59066  149         0.41047 0.41047 0.41047   0.00093 0.19958   0.410 
0.59341  148         0.40771 0.40771 0.40771   0.00093 0.20092   0.408 
0.59615  147         0.40496 0.40496 0.40496   0.00094 0.20228   0.405 
0.59890  146         0.40220 0.40220 0.40220   0.00094 0.20364   0.402 
0.60165  145         0.39945 0.39945 0.39945   0.00094 0.20500   0.399 
0.60440  144         0.39669 0.39669 0.39669   0.00094 0.20638   0.397 
0.60714  143         0.39394 0.39394 0.39394   0.00094 0.20776   0.394 
0.60989  142         0.39118 0.39118 0.39118   0.00095 0.20915   0.391 
0.61264  141         0.38843 0.38843 0.38843   0.00095 0.21054   0.388 
0.61538  140         0.38567 0.38567 0.38567   0.00095 0.21195   0.386 
0.61813  139         0.38292 0.38292 0.38292   0.00095 0.21336   0.383 
0.62088  138         0.38017 0.38017 0.38017   0.00095 0.21478   0.380 
0.62363  137         0.37741 0.37741 0.37741   0.00096 0.21620   0.377 
0.62637  136         0.37466 0.37466 0.37466   0.00096 0.21764   0.375 
0.62912  135         0.37190 0.37190 0.37190   0.00096 0.21908   0.372 
0.63187  134         0.36915 0.36915 0.36915   0.00096 0.22053   0.369 
0.63462  133         0.36639 0.36639 0.36639   0.00097 0.22199   0.366 
0.63736  132         0.36364 0.36364 0.36364   0.00097 0.22345   0.364 
0.64011  131         0.36088 0.36088 0.36088   0.00097 0.22493   0.361 
0.64286  130         0.35813 0.35813 0.35813   0.00097 0.22641   0.358 
0.64560  129         0.35537 0.35537 0.35537   0.00097 0.22790   0.355 
0.64835  128         0.35262 0.35262 0.35262   0.00098 0.22941   0.353 
0.65110  127         0.34986 0.34986 0.34986   0.00098 0.23092   0.350 
0.65385  126         0.34711 0.34711 0.34711   0.00098 0.23243   0.347 
0.65659  125         0.34435 0.34435 0.34435   0.00098 0.23396   0.344 
0.65934  124         0.34160 0.34160 0.34160   0.00099 0.23550   0.342 
0.66209  123         0.33884 0.33884 0.33884   0.00099 0.23704   0.339 
0.66484  122         0.33609 0.33609 0.33609   0.00099 0.23860   0.336 
0.66758  121         0.33333 0.33333 0.33333   0.00099 0.24016   0.333 
0.67033  120         0.33058 0.33058 0.33058   0.00099 0.24174   0.331 
0.67308  119         0.32782 0.32782 0.32782   0.00100 0.24332   0.328 
0.67582  118         0.32507 0.32507 0.32507   0.00100 0.24492   0.325 
0.67857  117         0.32231 0.32231 0.32231   0.00100 0.24652   0.322 
0.68132  116         0.31956 0.31956 0.31956   0.00100 0.24814   0.320 
0.68407  115         0.31680 0.31680 0.31680   0.00101 0.24976   0.317 
0.68681  114         0.31405 0.31405 0.31405   0.00101 0.25140   0.314 
0.68956  113         0.31129 0.31129 0.31129   0.00101 0.25305   0.311 
0.69231  112         0.30854 0.30854 0.30854   0.00101 0.25471   0.309 
0.69505  111         0.30579 0.30579 0.30579   0.00102 0.25637   0.306 
0.69780  110         0.30303 0.30303 0.30303   0.00102 0.25806   0.303 
0.70055  109         0.30028 0.30028 0.30028   0.00102 0.25975   0.300 
0.70330  108         0.29752 0.29752 0.29752   0.00103 0.26145   0.298 
0.70604  107         0.29477 0.29477 0.29477   0.00103 0.26317   0.295 
0.70879  106         0.29201 0.29201 0.29201   0.00103 0.26489   0.292 
0.71154  105         0.28926 0.28926 0.28926   0.00103 0.26663   0.289 
0.71429  104         0.28650 0.28650 0.28650   0.00104 0.26839   0.287 
0.71703  103         0.28375 0.28375 0.28375   0.00104 0.27015   0.284 
0.71978  102         0.28099 0.28099 0.28099   0.00104 0.27193   0.281 
0.72253  101         0.27824 0.27824 0.27824   0.00104 0.27372   0.278 
0.72527  100         0.27548 0.27548 0.27548   0.00105 0.27553   0.275 
0.72802  99          0.27273 0.27273 0.27273   0.00105 0.27734   0.273 
0.73077  98          0.26997 0.26997 0.26997   0.00105 0.27917   0.270 
0.73352  97          0.26722 0.26722 0.26722   0.00106 0.28102   0.267 
0.73626  96          0.26446 0.26446 0.26446   0.00106 0.28288   0.264 
0.73901  95          0.26171 0.26171 0.26171   0.00106 0.28476   0.262 
0.74176  94          0.25895 0.25895 0.25895   0.00107 0.28665   0.259 
0.74451  93          0.25620 0.25620 0.25620   0.00107 0.28855   0.256 
0.74725  92          0.25344 0.25344 0.25344   0.00107 0.29047   0.253 
0.75000  91          0.25069 0.25069 0.25069   0.00108 0.29241   0.251 
0.75275  90          0.24793 0.24793 0.24793   0.00108 0.29436   0.248 
0.75549  89          0.24518 0.24518 0.24518   0.00108 0.29633   0.245 
0.75824  88          0.24242 0.24242 0.24242   0.00108 0.29831   0.242 
0.76099  87          0.23967 0.23967 0.23967   0.00109 0.30031   0.240 
0.76374  86          0.23691 0.23691 0.23691   0.00109 0.30233   0.237 
0.76648  85          0.23416 0.23416 0.23416   0.00109 0.30437   0.234 
0.76923  84          0.23140 0.23140 0.23140   0.00110 0.30643   0.231 
0.77198  83          0.22865 0.22865 0.22865   0.00110 0.30850   0.229 
0.77473  82          0.22590 0.22590 0.22590   0.00111 0.31059   0.226 
0.77747  81          0.22314 0.22314 0.22314   0.00111 0.31270   0.223 
0.78022  80          0.22039 0.22039 0.22039   0.00111 0.31483   0.220 
0.78297  79          0.21763 0.21763 0.21763   0.00112 0.31699   0.218 
0.78571  78          0.21488 0.21488 0.21488   0.00112 0.31916   0.215 
0.78846  77          0.21212 0.21212 0.21212   0.00112 0.32135   0.212 
0.79121  76          0.20937 0.20937 0.20937   0.00113 0.32356   0.209 
0.79396  75          0.20661 0.20661 0.20661   0.00113 0.32580   0.207 
0.79670  74          0.20386 0.20386 0.20386   0.00114 0.32806   0.204 
0.79945  73          0.20110 0.20110 0.20110   0.00114 0.33034   0.201 
0.80220  72          0.19835 0.19835 0.19835   0.00114 0.33265   0.198 
0.80495  71          0.19559 0.19559 0.19559   0.00115 0.33498   0.196 
0.80769  70          0.19284 0.19284 0.19284   0.00115 0.33733   0.193 
0.81044  69          0.19008 0.19008 0.19008   0.00116 0.33971   0.190 
0.81319  68          0.18733 0.18733 0.18733   0.00116 0.34211   0.187 
0.81593  67          0.18457 0.18457 0.18457   0.00116 0.34455   0.185 
0.81868  66          0.18182 0.18182 0.18182   0.00117 0.34701   0.182 
0.82143  65          0.17906 0.17906 0.17906   0.00117 0.34949   0.179 
0.82418  64          0.17631 0.17631 0.17631   0.00118 0.35201   0.176 
0.82692  63          0.17355 0.17355 0.17355   0.00118 0.35456   0.174 
0.82967  62          0.17080 0.17080 0.17080   0.00119 0.35713   0.171 
0.83242  61          0.16804 0.16804 0.16804   0.00119 0.35974   0.168 
0.83516  60          0.16529 0.16529 0.16529   0.00120 0.36238   0.165 
0.83791  59          0.16253 0.16253 0.16253   0.00120 0.36505   0.163 
0.84066  58          0.15978 0.15978 0.15978   0.00121 0.36776   0.160 
0.84341  57          0.15702 0.15702 0.15702   0.00121 0.37051   0.157 
0.84615  56          0.15427 0.15427 0.15427   0.00122 0.37328   0.154 
0.84890  55          0.15152 0.15152 0.15152   0.00122 0.37610   0.152 
0.85165  54          0.14876 0.14876 0.14876   0.00123 0.37896   0.149 
0.85440  53          0.14601 0.14601 0.14601   0.00123 0.38185   0.146 
0.85714  52          0.14325 0.14325 0.14325   0.00124 0.38479   0.143 
0.85989  51          0.14050 0.14050 0.14050   0.00124 0.38777   0.140 
0.86264  50          0.13774 0.13774 0.13774   0.00125 0.39079   0.138 
0.86538  49          0.13499 0.13499 0.13499   0.00125 0.39386   0.135 
0.86813  48          0.13223 0.13223 0.13223   0.00126 0.39698   0.132 
0.87088  47          0.12948 0.12948 0.12948   0.00127 0.40014   0.129 
0.87363  46          0.12672 0.12672 0.12672   0.00127 0.40336   0.127 
0.87637  45          0.12397 0.12397 0.12397   0.00128 0.40663   0.124 
0.87912  44          0.12121 0.12121 0.12121   0.00129 0.40995   0.121 
0.88187  43          0.11846 0.11846 0.11846   0.00129 0.41333   0.118 
0.88462  42          0.11570 0.11570 0.11570   0.00130 0.41678   0.116 
0.88736  41          0.11295 0.11295 0.11295   0.00131 0.42028   0.113 
0.89011  40          0.11019 0.11019 0.11019   0.00131 0.42385   0.110 
0.89286  39          0.10744 0.10744 0.10744   0.00132 0.42748   0.107 
0.89560  38          0.10468 0.10468 0.10468   0.00133 0.43119   0.105 
0.89835  37          0.10193 0.10193 0.10193   0.00133 0.43497   0.102 
0.90110  36          0.09917 0.09917 0.09917   0.00134 0.43882   0.099 
0.90385  35          0.09642 0.09642 0.09642   0.00135 0.44276   0.096 
0.90659  34          0.09366 0.09366 0.09366   0.00136 0.44679   0.094 
0.90934  33          0.09091 0.09091 0.09091   0.00137 0.45090   0.091 
0.91209  32          0.08815 0.08815 0.08815   0.00137 0.45511   0.088 
0.91484  31          0.08540 0.08540 0.08540   0.00138 0.45942   0.085 
0.91758  30          0.08264 0.08264 0.08264   0.00139 0.46383   0.083 
0.92033  29          0.07989 0.07989 0.07989   0.00140 0.46835   0.080 
0.92308  28          0.07713 0.07713 0.07713   0.00141 0.47300   0.077 
0.92582  27          0.07438 0.07438 0.07438   0.00142 0.47777   0.074 
0.92857  26          0.07163 0.07163 0.07163   0.00143 0.48267   0.072 
0.93132  25          0.06887 0.06887 0.06887   0.00144 0.48772   0.069 
0.93407  24          0.06612 0.06612 0.06612   0.00145 0.49292   0.066 
0.93681  23          0.06336 0.06336 0.06336   0.00147 0.49829   0.063 
0.93956  22          0.06061 0.06061 0.06061   0.00148 0.50383   0.061 
0.94231  21          0.05785 0.05785 0.05785   0.00149 0.50957   0.058 
0.94505  20          0.05510 0.05510 0.05510   0.00150 0.51551   0.055 
0.94780  19          0.05234 0.05234 0.05234   0.00152 0.52169   0.052 
0.95055  18          0.04959 0.04959 0.04959   0.00153 0.52811   0.050 
0.95330  17          0.04683 0.04683 0.04683   0.00155 0.53480   0.047 
0.95604  16          0.04408 0.04408 0.04408   0.00156 0.54180   0.044 
0.95879  15          0.04132 0.04132 0.04132   0.00158 0.54914   0.041 
0.96154  14          0.03857 0.03857 0.03857   0.00160 0.55685   0.039 
0.96429  13          0.03581 0.03581 0.03581   0.00161 0.56498   0.036 
0.96703  12          0.03306 0.03306 0.03306   0.00163 0.57360   0.033 
0.96978  11          0.03030 0.03030 0.03030   0.00166 0.58277   0.030 
0.97253  10          0.02755 0.02755 0.02755   0.00168 0.59260   0.028 
0.97527  9           0.02479 0.02479 0.02479   0.00170 0.60319   0.025 
0.97802  8           0.02204 0.02204 0.02204   0.00173 0.61470   0.022 
0.98077  7           0.01928 0.01928 0.01928   0.00176 0.62735   0.019 
0.98352  6           0.01653 0.01653 0.01653   0.00180 0.64144   0.017 
0.98626  5           0.01377 0.01377 0.01377   0.00184 0.65742   0.014 
0.98901  4           0.01102 0.01102 0.01102   0.00188 0.67601   0.011 
0.99176  3           0.00826 0.00826 0.00826   0.00194 0.69849   0.008 
0.99451  2           0.00551 0.00551 0.00551   0.00202 0.72755   0.006 
0.99725  1           0.00275 0.00275 0.00275   0.00213 0.77090   0.003 
1.00000  0           0.00000 0.00000 0.00000   0.00275 1.00000   0.000 
